,StateFIPS,CountyFIPS,M_With,M_Without,F_With,F_Without,All_With,All_Without
12,02,013,876,1317,566,540,1442,1857
13,02,016,2470,769,1707,564,4177,1333
14,02,020,120747,23245,122426,21393,243173,44638
15,02,050,6396,2708,6627,1774,13023,4482
16,02,060,419,124,349,67,768,191
17,02,068,822,253,674,250,1496,503
18,02,070,1678,900,1837,546,3515,1446
19,02,090,40605,6957,40210,5322,80815,12279
20,02,100,960,422,944,228,1904,650
21,02,105,798,328,711,288,1509,616
22,02,110,13739,2433,13582,2213,27321,4646
23,02,122,22391,6435,21668,5433,44059,11868
24,02,130,5339,1428,5527,1082,10866,2510
25,02,150,4941,1920,4943,1479,9884,3399
26,02,158,2762,1427,2921,791,5683,2218
27,02,164,445,286,513,230,958,516
28,02,170,39282,9314,37751,8084,77033,17398
29,02,180,3506,1605,3430,1114,6936,2719
30,02,185,4847,1248,2579,910,7426,2158
31,02,188,2690,1455,2542,1021,5232,2476
32,02,195,1310,381,1193,320,2503,701
33,02,198,2209,1252,2046,862,4255,2114
34,02,220,3635,841,3591,692,7226,1533
35,02,230,380,147,371,101,751,248
36,02,240,2889,853,2454,666,5343,1519
37,02,261,3670,1292,3566,884,7236,2176
38,02,275,941,280,926,221,1867,501
39,02,282,289,78,217,59,506,137
40,02,290,1795,1225,1692,907,3487,2132
12,01,001,23500,2781,25417,2727,48917,5508
13,01,003,79768,13644,88015,11343,167783,24987
14,01,005,9578,2163,10750,1569,20328,3732
15,01,007,9342,1012,9421,995,18763,2007
16,01,009,24629,3642,25922,3017,50551,6659
17,01,011,4088,1066,4191,762,8279,1828
18,01,013,8129,1223,9482,1236,17611,2459
19,01,015,47992,7440,53518,6245,101510,13685
20,01,017,13928,2198,15131,2476,29059,4674
21,01,019,11401,1404,11730,1137,23131,2541
22,01,021,18164,3252,18371,3712,36535,6964
23,01,023,5384,934,6098,850,11482,1784
24,01,025,9881,1825,11159,1934,21040,3759
25,01,027,5518,1022,5839,886,11357,1908
26,01,029,6234,1017,6582,1013,12816,2030
27,01,031,20688,2891,22567,2783,43255,5674
28,01,033,23057,3007,24955,3003,48012,6010
29,01,035,4925,1217,5227,1449,10152,2666
30,01,037,4474,866,4605,805,9079,1671
31,01,039,15536,2520,16877,2437,32413,4957
32,01,041,5847,939,6229,748,12076,1687
33,01,043,33641,6024,34557,5978,68198,12002
34,01,045,19228,3179,21602,3161,40830,6340
35,01,047,16398,2891,19599,2951,35997,5842
36,01,049,28735,6363,29767,5509,58502,11872
37,01,051,31679,3669,36728,3425,68407,7094
38,01,053,14055,3261,14958,3333,29013,6594
39,01,055,42271,7457,46984,6023,89255,13480
40,01,057,7557,832,7568,751,15125,1583
41,01,059,12966,2200,13441,2767,26407,4967
42,01,061,10913,2091,11495,1977,22408,4068
43,01,063,3304,777,4081,484,7385,1261
44,01,065,6051,997,7096,854,13147,1851
45,01,067,7002,1164,7934,926,14936,2090
46,01,069,42001,6928,47530,6187,89531,13115
47,01,071,21752,4072,23118,3424,44870,7496
48,01,073,266456,40710,307962,36469,574418,77179
49,01,075,5876,885,6248,980,12124,1865
50,01,077,38885,5228,42682,5167,81567,10395
51,01,079,14223,2042,15306,1773,29529,3815
52,01,081,64110,8577,69209,7141,133319,15718
53,01,083,35387,5442,38770,5206,74157,10648
54,01,085,4122,883,5036,563,9158,1446
55,01,087,7564,1437,9797,1011,17361,2448
56,01,089,145531,20878,156037,19760,301568,40638
57,01,091,8133,1209,9532,1205,17665,2414
58,01,093,12619,1902,13590,1618,26209,3520
59,01,095,37272,8805,40331,7023,77603,15828
60,01,097,163094,28997,185337,28790,348431,57787
61,01,099,8832,1717,9448,2005,18280,3722
62,01,101,88803,15281,105296,13407,194099,28688
63,01,103,48705,9071,51963,8345,100668,17416
64,01,105,3926,666,4539,757,8465,1423
65,01,107,8174,1403,8582,1095,16756,2498
66,01,109,13996,1760,15437,1754,29433,3514
67,01,111,9324,1666,9877,1545,19201,3211
68,01,113,22282,4430,24884,4777,47166,9207
69,01,115,36930,4549,38204,4318,75134,8867
70,01,117,88004,9927,95944,7945,183948,17872
71,01,119,4522,1343,6152,1187,10674,2530
72,01,121,32170,5151,36501,4860,68671,10011
73,01,123,16879,2385,18924,2428,35803,4813
74,01,125,85157,10782,93413,9656,178570,20438
75,01,127,26799,4750,29620,4050,56419,8800
76,01,129,7140,1263,7114,1352,14254,2615
77,01,131,4326,879,4850,921,9176,1800
78,01,133,10251,1462,10390,1726,20641,3188
12,05,001,7568,1273,8583,1068,16151,2341
13,05,003,8544,1538,9494,1478,18038,3016
14,05,005,17259,2372,18915,2026,36174,4398
15,05,007,100609,16255,105249,14411,205858,30666
16,05,009,15299,2602,16771,2130,32070,4732
17,05,011,4534,989,4797,793,9331,1782
18,05,013,2227,411,2228,320,4455,731
19,05,015,11137,2296,11452,2537,22589,4833
20,05,017,4159,829,4935,763,9094,1592
21,05,019,9169,1412,10481,1349,19650,2761
22,05,021,6214,1308,6654,1090,12868,2398
23,05,023,10744,1960,10629,2018,21373,3978
24,05,025,3802,415,3698,517,7500,932
25,05,027,9961,1427,10874,1642,20835,3069
26,05,029,8987,1322,9349,1275,18336,2597
27,05,031,40807,8090,44480,7051,85287,15141
28,05,033,25253,4761,27005,4175,52258,8936
29,05,035,19835,3330,22367,3672,42202,7002
30,05,037,6927,1358,7966,1005,14893,2363
31,05,039,3076,490,3215,559,6291,1049
32,05,041,4813,911,5534,1048,10347,1959
33,05,043,7468,1560,8028,1292,15496,2852
34,05,045,50314,7392,53062,7289,103376,14681
35,05,047,7539,1116,7827,1098,15366,2214
36,05,049,5109,849,5326,756,10435,1605
37,05,051,37960,8263,42017,7421,79977,15684
38,05,053,7806,1002,8160,929,15966,1931
39,05,055,18199,3041,18855,2801,37054,5842
40,05,057,8639,2045,9584,1824,18223,3869
41,05,059,13038,2294,13930,2154,26968,4448
42,05,061,5307,1242,5610,1218,10917,2460
43,05,063,15227,2627,15939,2658,31166,5285
44,05,065,5407,912,5285,1083,10692,1995
45,05,067,6560,1207,5615,903,12175,2110
46,05,069,28435,4044,32557,4219,60992,8263
47,05,071,10777,1961,11377,1613,22154,3574
48,05,073,2809,635,3106,588,5915,1223
49,05,075,6805,1419,7182,1309,13987,2728
50,05,077,3231,875,3863,488,7094,1363
51,05,079,3666,768,4639,745,8305,1513
52,05,081,5288,1050,5384,837,10672,1887
53,05,083,9588,1364,9291,1510,18879,2874
54,05,085,29648,4044,31951,3462,61599,7506
55,05,087,6461,1384,6587,1199,13048,2583
56,05,089,6880,1224,7080,1120,13960,2344
57,05,091,17114,3465,18108,3769,35222,7234
58,05,093,17754,3431,19318,3527,37072,6958
59,05,095,3037,567,3412,620,6449,1187
60,05,097,3605,881,3865,705,7470,1586
61,05,099,3408,824,3731,631,7139,1455
62,05,101,3470,553,3379,594,6849,1147
63,05,103,10245,1311,11605,1487,21850,2798
64,05,105,4607,478,4566,527,9173,1005
65,05,107,7585,1824,9003,1794,16588,3618
66,05,109,4360,993,4734,847,9094,1840
67,05,111,9578,2099,10369,1842,19947,3941
68,05,113,8138,1727,8596,1765,16734,3492
69,05,115,26407,4371,27067,4343,53474,8714
70,05,117,3510,522,3650,570,7160,1092
71,05,119,155362,28215,177974,23280,333336,51495
72,05,121,7056,1477,7688,1129,14744,2606
73,05,123,9159,2301,10761,1502,19920,3803
74,05,125,48403,6658,52131,5374,100534,12032
75,05,127,4655,872,4639,631,9294,1503
76,05,129,3284,668,3306,618,6590,1286
77,05,131,52036,9869,54137,10109,106173,19978
78,05,133,6695,1825,6927,1633,13622,3458
79,05,135,6873,1357,7332,1315,14205,2672
80,05,137,5402,908,5237,859,10639,1767
81,05,139,16488,2920,17939,2885,34427,5805
82,05,141,6656,1663,7101,1386,13757,3049
83,05,143,89087,18167,92453,14933,181540,33100
84,05,145,32331,6006,34463,5243,66794,11249
85,05,147,2662,686,2965,550,5627,1236
86,05,149,8865,1837,9456,1380,18321,3217
12,04,001,25743,9201,28542,7852,54285,17053
13,04,003,47589,6771,55718,6614,103307,13385
14,04,005,53505,13515,57656,11293,111161,24808
15,04,007,21863,4070,22671,3830,44534,7900
16,04,009,13834,2323,15164,2098,28998,4421
17,04,011,4139,584,3643,617,7782,1201
18,04,012,8733,1429,8625,1321,17358,2750
19,04,013,1633881,332342,1747583,275016,3381464,607358
20,04,015,79661,16608,86521,14132,166182,30740
21,04,017,41839,10188,44822,8626,86661,18814
22,04,019,404930,70973,444390,59712,849320,130685
23,04,021,155409,24692,163328,23603,318737,48295
24,04,023,18361,3991,20136,4339,38497,8330
25,04,025,90324,14466,95351,14369,185675,28835
26,04,027,76032,20388,81132,17421,157164,37809
12,06,001,681621,88190,732996,70544,1414617,158734
13,06,003,512,142,400,77,912,219
14,06,005,14369,1631,15820,1060,30189,2691
15,06,007,92483,16326,98566,12938,191049,29264
16,06,009,19250,2526,20634,1972,39884,4498
17,06,011,8848,2183,8582,1592,17430,3775
18,06,013,474034,57497,510094,48931,984128,106428
19,06,015,10237,1462,11012,1310,21249,2772
20,06,017,81148,9011,83819,7027,164967,16038
21,06,019,379453,88591,410573,66736,790026,155327
22,06,021,11142,2797,11606,2187,22748,4984
23,06,023,54679,11986,56929,10368,111608,22354
24,06,025,66068,14972,71962,14770,138030,29742
25,06,027,7794,1063,8106,971,15900,2034
26,06,029,344109,73189,358933,60514,703042,133703
27,06,031,53683,10579,57172,9062,110855,19641
28,06,033,25756,5905,27121,4688,52877,10593
29,06,035,10144,1107,9576,1144,19720,2251
30,06,037,3904322,997326,4230137,837175,8134459,1834501
31,06,039,57486,14771,62076,10344,119562,25115
32,06,041,111107,10737,123055,8224,234162,18961
33,06,043,7924,871,8092,729,16016,1600
34,06,045,35930,7213,38036,5443,73966,12656
35,06,047,106738,23878,112633,17643,219371,41521
36,06,049,3678,797,3881,584,7559,1381
37,06,051,5317,1929,5413,1413,10730,3342
38,06,053,160439,42733,173038,33794,333477,76527
39,06,055,59832,8787,62340,7435,122172,16222
40,06,057,41033,6956,43911,5718,84944,12674
41,06,059,1292176,237090,1361429,208099,2653605,445189
42,06,061,158349,18543,172630,13950,330979,32493
43,06,063,8108,1407,8361,926,16469,2333
44,06,065,916746,207979,974823,175978,1891569,383957
45,06,067,607503,96682,666343,79357,1273846,176039
46,06,069,24382,4284,25574,3155,49956,7439
47,06,071,825890,177988,886691,159538,1712581,337526
48,06,073,1301142,234576,1380888,206949,2682030,441525
49,06,075,384329,40788,380762,30288,765091,71076
50,06,077,290726,55049,311300,42817,602026,97866
51,06,079,117241,17433,120210,14696,237451,32129
52,06,081,330032,36082,349501,29233,679533,65315
53,06,083,175112,37490,186064,30108,361176,67598
54,06,085,840137,93794,849441,75798,1689578,169592
55,06,087,115040,17940,121172,13853,236212,31793
56,06,089,73691,13334,79630,10912,153321,24246
57,06,091,1238,258,1387,108,2625,366
58,06,093,18728,2957,19573,2444,38301,5401
59,06,095,175710,24415,193177,19391,368887,43806
60,06,097,208988,31276,224981,25613,433969,56889
61,06,099,217812,41373,231370,33483,449182,74856
62,06,101,38662,7984,41134,6258,79796,14242
63,06,103,26592,4414,27736,3843,54328,8257
64,06,105,5379,1332,5355,1094,10734,2426
65,06,107,180176,44296,190135,35140,370311,79436
66,06,109,22107,3017,23557,2159,45664,5176
67,06,111,347674,63746,371628,51009,719302,114755
68,06,113,87463,12481,95866,9946,183329,22427
69,06,115,29943,5357,31024,4787,60967,10144
12,08,001,189978,44652,197245,35868,387223,80520
13,08,003,6483,1147,7379,814,13862,1961
14,08,005,252809,43197,271608,35597,524417,78794
15,08,007,4749,1386,4721,1212,9470,2598
16,08,009,1438,301,1643,218,3081,519
17,08,011,1493,338,1601,192,3094,530
18,08,013,140104,14558,141062,12224,281166,26782
19,08,014,27449,2447,28789,1679,56238,4126
20,08,015,7356,1459,7403,1018,14759,2477
21,08,017,811,220,747,179,1558,399
22,08,019,4096,515,4092,306,8188,821
23,08,021,3320,750,3543,595,6863,1345
24,08,023,1581,285,1395,320,2976,605
25,08,025,1759,271,2125,266,3884,537
26,08,027,1613,524,1736,413,3349,937
27,08,029,11449,2812,12536,2420,23985,5232
28,08,031,267697,53725,282385,39310,550082,93035
29,08,033,899,118,758,87,1657,205
30,08,035,143468,8170,147150,7231,290618,15401
31,08,037,22270,5524,20430,4256,42700,9780
32,08,039,10597,1313,10716,1135,21313,2448
33,08,041,266035,37593,290199,30351,556234,67944
34,08,043,14966,2281,16985,1946,31951,4227
35,08,045,20773,7848,21056,6668,41829,14516
36,08,047,2491,343,2426,292,4917,635
37,08,049,6134,1509,5371,1336,11505,2845
38,08,051,6999,1402,6139,1059,13138,2461
39,08,053,356,60,394,64,750,124
40,08,055,2602,584,2728,405,5330,989
41,08,057,582,122,572,54,1154,176
42,08,059,240890,28944,253891,22256,494781,51200
43,08,061,544,115,676,99,1220,214
44,08,063,2923,574,3029,542,5952,1116
45,08,065,3236,742,2684,643,5920,1385
46,08,067,21982,4645,22642,3415,44624,8060
47,08,069,139780,17059,145434,13510,285214,30569
48,08,071,5944,1071,6018,970,11962,2041
49,08,073,1416,115,2073,159,3489,274
50,08,075,9154,2218,8832,1110,17986,3328
51,08,077,62209,10578,64142,9629,126351,20207
52,08,079,353,28,325,27,678,55
53,08,081,5485,1268,5327,913,10812,2181
54,08,083,9654,2983,10467,2391,20121,5374
55,08,085,16045,3781,16771,3816,32816,7597
56,08,087,12045,1757,12343,1744,24388,3501
57,08,089,7592,1415,8057,1311,15649,2726
58,08,091,1844,395,2086,255,3930,650
59,08,093,7209,1208,6891,733,14100,1941
60,08,095,1913,309,1816,268,3729,577
61,08,097,7865,1330,7024,1144,14889,2474
62,08,099,5046,965,5307,732,10353,1697
63,08,101,66883,10100,73703,6961,140586,17061
64,08,103,3068,361,2880,309,5948,670
65,08,105,4698,960,4985,882,9683,1842
66,08,107,10917,1385,9954,1252,20871,2637
67,08,109,2162,937,2244,871,4406,1808
68,08,111,264,63,226,53,490,116
69,08,113,3475,562,3155,453,6630,1015
70,08,115,964,164,1108,99,2072,263
71,08,117,12116,3713,10374,2654,22490,6367
72,08,119,10383,1275,10200,1245,20583,2520
73,08,121,2001,259,2092,170,4093,429
74,08,123,117241,16815,118408,15738,235649,32553
75,08,125,4057,678,4550,756,8607,1434
11,09,001,398180,55567,432919,44703,831099,100270
12,09,003,390154,34444,430902,26115,821056,60559
13,09,005,84207,7090,88395,5185,172602,12275
14,09,007,74580,5483,79505,3690,154085,9173
15,09,009,371693,38036,413529,28371,785222,66407
16,09,011,117687,9625,127638,6301,245325,15926
17,09,013,69525,4026,72384,2882,141909,6908
18,09,015,52591,4669,55081,3442,107672,8111
5,11,001,276285,22198,323314,14813,599599,37011
7,10,001,71860,7217,81320,5658,153180,12875
8,10,003,236835,22972,262252,19167,499087,42139
9,10,005,87643,11295,96771,8798,184414,20093
12,12,001,103064,18026,114762,15667,217826,33693
13,12,003,10298,1772,11081,1480,21379,3252
14,12,005,68041,15563,74296,13119,142337,28682
15,12,007,9447,2538,10148,1770,19595,4308
16,12,009,223646,43920,244237,36499,467883,80419
17,12,011,701051,186805,768123,176118,1469174,362923
18,12,013,4924,1212,5067,1382,9991,2594
19,12,015,65469,12778,72012,12279,137481,25057
20,12,017,56990,9243,62626,8906,119616,18149
21,12,019,81814,12802,87934,11830,169748,24632
22,12,021,129514,37119,141173,31428,270687,68547
23,12,023,25684,4960,27284,5238,52968,10198
24,12,027,12016,6079,12514,2527,24530,8606
25,12,029,5773,1510,5975,1316,11748,2826
26,12,031,348726,69632,393413,61083,742139,130715
27,12,033,116879,22448,132565,18328,249444,40776
28,12,035,40356,7640,45070,7344,85426,14984
29,12,037,3898,1082,3899,903,7797,1985
30,12,039,16381,4465,19672,3451,36053,7916
31,12,041,6212,1652,6150,1794,12362,3446
32,12,043,4492,1533,4683,1214,9175,2747
33,12,045,5660,1346,5374,1079,11034,2425
34,12,047,4472,903,4844,828,9316,1731
35,12,049,9773,3558,9673,2790,19446,6348
36,12,051,12624,6343,12932,4928,25556,11271
37,12,053,69276,13919,77784,11982,147060,25901
38,12,055,39100,8307,42730,7146,81830,15453
39,12,057,513975,113535,566133,97187,1080108,210722
40,12,059,6781,1939,7454,1544,14235,3483
41,12,061,55362,12465,62107,11598,117469,24063
42,12,063,17614,2648,18268,2817,35882,5465
43,12,065,4579,594,5855,714,10434,1308
44,12,067,2563,950,2877,624,5440,1574
45,12,069,125259,22303,138043,21490,263302,43793
46,12,071,255054,66636,280570,55914,535624,122550
47,12,073,115325,17626,131496,15063,246821,32689
48,12,075,15211,4276,16052,3841,31263,8117
49,12,077,2740,935,2544,555,5284,1490
50,12,079,6335,1640,7137,1571,13472,3211
51,12,081,133634,30738,149647,26970,283281,57708
52,12,083,128783,29261,144671,26132,273454,55393
53,12,085,60203,12641,67195,8716,127398,21357
54,12,086,913720,345984,1029301,323198,1943021,669182
55,12,087,29681,9093,27902,7520,57583,16613
56,12,089,30711,6234,33052,5141,63763,11375
57,12,091,73497,13973,81113,12515,154610,26488
58,12,093,13706,4583,14278,3667,27984,8250
59,12,095,467393,128157,507628,114016,975021,242173
60,12,097,112065,34689,121293,30788,233358,65477
61,12,099,529441,128224,596926,111457,1126367,239681
62,12,101,193843,35107,212253,32228,406096,67335
63,12,103,365646,75277,414317,64993,779963,140270
64,12,105,244527,54900,269368,48305,513895,103205
65,12,107,26738,8046,29921,6747,56659,14793
66,12,109,89166,11914,97157,10407,186323,22321
67,12,111,111403,27579,121141,25709,232544,53288
68,12,113,63955,10401,68241,9510,132196,19911
69,12,115,156083,29291,177734,25125,333817,54416
70,12,117,175304,34653,193878,30781,369182,65434
71,12,119,42824,4040,47895,4641,90719,8681
72,12,121,16064,4338,18457,3256,34521,7594
73,12,123,7353,1417,8621,1209,15974,2626
74,12,125,4013,645,4612,749,8625,1394
75,12,127,195665,46346,218308,37655,413973,84001
76,12,129,11867,1904,12202,1544,24069,3448
77,12,131,22001,6235,24485,4684,46486,10919
78,12,133,9143,1767,9808,1333,18951,3100
12,13,001,6884,1813,7352,1904,14236,3717
13,13,003,2825,1239,2946,1258,5771,2497
14,13,005,4042,1127,4639,893,8681,2020
15,13,007,1242,337,1360,353,2602,690
16,13,009,17553,3212,20229,2532,37782,5744
17,13,011,7764,1546,7383,1626,15147,3172
18,13,013,29308,6640,29988,5862,59296,12502
19,13,015,40864,8691,42129,8803,82993,17494
20,13,017,6364,1800,7307,1686,13671,3486
21,13,019,6868,2398,7046,2399,13914,4797
22,13,021,57314,12905,68408,12534,125722,25439
23,13,023,5107,829,5784,661,10891,1490
24,13,025,6714,2402,6844,2433,13558,4835
25,13,027,5831,1825,6442,1500,12273,3325
26,13,029,13252,2139,14659,2148,27911,4287
27,13,031,29523,5724,30317,5977,59840,11701
28,13,033,8811,2074,9966,1911,18777,3985
29,13,035,8376,1778,9064,1781,17440,3559
30,13,037,1590,514,2045,524,3635,1038
31,13,039,19948,3210,21611,3033,41559,6243
32,13,043,3697,1481,4227,1339,7924,2820
33,13,045,44101,9868,48004,9459,92105,19327
34,13,047,26625,4978,29051,4201,55676,9179
35,13,049,4584,1208,4690,1299,9274,2507
36,13,051,104174,23951,119106,24088,223280,48039
37,13,053,3063,521,3390,255,6453,776
38,13,055,9063,2149,10018,2139,19081,4288
39,13,057,93307,17236,99818,14680,193125,31916
40,13,059,46322,10381,53847,9368,100169,19749
41,13,061,1022,463,1258,303,2280,766
42,13,063,91148,33348,106904,32596,198052,65944
43,13,065,2631,644,2665,720,5296,1364
44,13,067,283287,61679,312433,56631,595720,118310
45,13,069,14017,4585,16269,4704,30286,9289
46,13,071,15045,7292,17560,5434,32605,12726
47,13,073,57173,6985,62660,6391,119833,13376
48,13,075,6130,2021,6425,2313,12555,4334
49,13,077,56787,8063,60351,7622,117138,15685
50,13,079,5257,1072,5226,836,10483,1908
51,13,081,8719,1980,9882,2284,18601,4264
52,13,083,6555,1335,7142,1264,13697,2599
53,13,085,9301,1797,9935,1457,19236,3254
54,13,087,9471,2732,11253,2606,20724,5338
55,13,089,266420,70503,307491,64529,573911,135032
56,13,091,7503,1809,8548,1351,16051,3160
57,13,093,4541,1544,5394,1140,9935,2684
58,13,095,32319,9804,40211,9197,72530,19001
59,13,097,53134,11539,59541,11129,112675,22668
60,13,099,3871,934,4701,914,8572,1848
61,13,101,1259,634,1488,667,2747,1301
62,13,103,22974,3773,22833,4476,45807,8249
63,13,105,7653,1521,8694,1435,16347,2956
64,13,107,7750,2841,9203,2169,16953,5010
65,13,109,3903,817,4597,1013,8500,1830
66,13,111,9310,2140,10093,2040,19403,4180
67,13,113,47425,4750,50925,4698,98350,9448
68,13,115,36663,8536,40916,7882,77579,16418
69,13,117,85640,11472,87649,10870,173289,22342
70,13,119,8671,2036,9360,1836,18031,3872
71,13,121,395438,75916,432816,71007,828254,146923
72,13,123,10809,3588,11237,2791,22046,6379
73,13,125,1233,242,1243,274,2476,516
74,13,127,30774,7351,35063,7594,65837,14945
75,13,129,21972,5414,22625,5339,44597,10753
76,13,131,9315,3037,9964,2735,19279,5772
77,13,133,6205,1667,6972,1310,13177,2977
78,13,135,330105,87272,355186,81567,685291,168839
79,13,137,16605,3957,16796,3866,33401,7823
80,13,139,73737,19196,76493,17175,150230,36371
81,13,141,2620,447,3321,625,5941,1072
82,13,143,11440,2323,12250,2189,23690,4512
83,13,145,13962,1999,14769,1625,28731,3624
84,13,147,9591,2477,10690,1905,20281,4382
85,13,149,4696,946,4900,932,9596,1878
86,13,151,85371,14877,94784,15133,180155,30010
87,13,153,58947,10117,65869,9306,124816,19423
88,13,155,3483,913,3663,807,7146,1720
89,13,157,25164,4923,26283,4530,51447,9453
90,13,159,5250,1356,5831,1056,11081,2412
91,13,161,5847,1475,5753,1799,11600,3274
92,13,163,5460,2074,6623,1709,12083,3783
93,13,165,3388,1032,3609,811,6997,1843
94,13,167,4053,936,3524,722,7577,1658
95,13,169,11697,2189,12775,1798,24472,3987
96,13,171,6918,1516,7795,1609,14713,3125
97,13,173,3545,1171,4178,968,7723,2139
98,13,175,18632,3499,21023,3685,39655,7184
99,13,177,11578,1659,12983,1398,24561,3057
100,13,179,22886,4140,27203,3953,50089,8093
101,13,181,3005,613,3339,676,6344,1289
102,13,183,5944,1405,7095,1139,13039,2544
103,13,185,40735,10962,46699,10123,87434,21085
104,13,187,12100,2752,13756,1907,25856,4659
105,13,189,8135,1936,9121,2099,17256,4035
106,13,191,5469,1281,6025,1132,11494,2413
107,13,193,4552,1488,5046,1199,9598,2687
108,13,195,11295,2515,12103,2143,23398,4658
109,13,197,3072,1249,3655,663,6727,1912
110,13,199,8287,1832,9123,1925,17410,3757
111,13,201,2210,518,2575,471,4785,989
112,13,205,7804,2078,8547,2342,16351,4420
113,13,207,10708,1782,11425,1731,22133,3513
114,13,209,3344,832,3630,785,6974,1617
115,13,211,7275,1122,7953,1354,15228,2476
116,13,213,14877,4265,16243,3793,31120,8058
117,13,215,71343,14830,87018,13855,158361,28685
118,13,217,40481,7653,45244,8348,85725,16001
119,13,219,14971,1716,15812,1701,30783,3417
120,13,221,6078,1142,6369,957,12447,2099
121,13,223,61605,10000,65284,9849,126889,19849
122,13,225,10354,2667,11558,2377,21912,5044
123,13,227,12454,2293,12939,1782,25393,4075
124,13,229,7350,1945,7718,1777,15068,3722
125,13,231,7234,1444,7439,1428,14673,2872
126,13,233,15636,4410,17711,3149,33347,7559
127,13,235,3916,858,4421,852,8337,1710
128,13,237,8179,2278,9375,1249,17554,3527
129,13,239,855,251,1046,174,1901,425
130,13,241,5685,2167,6431,1784,12116,3951
131,13,243,2791,888,2898,620,5689,1508
132,13,245,73605,15946,86184,15914,159789,31860
133,13,247,32871,7965,36981,8361,69852,16326
134,13,249,1907,610,2016,541,3923,1151
135,13,251,5274,1358,5852,1327,11126,2685
136,13,253,3165,893,3756,849,6921,1742
137,13,255,24186,5838,28153,4617,52339,10455
138,13,257,10161,2186,11520,1748,21681,3934
139,13,259,1401,648,1860,389,3261,1037
140,13,261,11738,2388,13950,2450,25688,4838
141,13,263,2635,485,2787,563,5422,1048
142,13,265,620,209,748,144,1368,353
143,13,267,7168,1613,8696,1947,15864,3560
144,13,269,2958,903,3593,739,6551,1642
145,13,271,4484,1276,5636,1127,10120,2403
146,13,273,3138,942,3922,881,7060,1823
147,13,275,16665,4194,19432,3831,36097,8025
148,13,277,14468,4956,16409,4533,30877,9489
149,13,279,9405,3180,11303,2984,20708,6164
150,13,281,4375,762,4735,764,9110,1526
151,13,283,2427,519,2918,501,5345,1020
152,13,285,26673,5391,30199,5172,56872,10563
153,13,287,2846,1128,3240,770,6086,1898
154,13,289,3447,682,3660,630,7107,1312
155,13,291,8616,1695,9628,1331,18244,3026
156,13,293,10356,1973,11483,2142,21839,4115
157,13,295,27895,4896,28522,5676,56417,10572
158,13,297,36422,5187,37677,6185,74099,11372
159,13,299,12488,3237,14200,3448,26688,6685
160,13,301,2094,438,2470,481,4564,919
161,13,303,7449,1569,8563,1594,16012,3163
162,13,305,10408,3006,11328,3135,21736,6141
163,13,307,1238,127,1078,272,2316,399
164,13,309,1508,335,1962,544,3470,879
165,13,311,11160,2236,11932,2264,23092,4500
166,13,313,39089,11898,40821,10887,79910,22785
167,13,315,2808,532,3002,597,5810,1129
168,13,317,3817,797,4416,788,8233,1585
169,13,319,3862,674,4275,476,8137,1150
170,13,321,7876,2283,8636,2197,16512,4480
11,15,001,86553,8577,88674,6523,175227,15100
12,15,003,429201,26111,457423,20975,886624,47086
13,15,005,32,4,35,4,67,8
14,15,007,31135,3317,32223,2228,63358,5545
15,15,009,72806,6977,74047,5505,146853,12482
12,19,001,3329,296,3429,233,6758,529
13,19,003,1787,128,1782,125,3569,253
14,19,005,6267,742,6077,667,12344,1409
15,19,007,5533,706,5627,672,11160,1378
16,19,009,2562,254,2676,227,5238,481
17,19,011,12198,616,12243,509,24441,1125
18,19,013,59036,5024,62677,4475,121713,9499
19,19,015,11723,1177,12144,725,23867,1902
20,19,017,11386,568,11904,318,23290,886
21,19,019,9284,996,9578,887,18862,1883
22,19,021,9022,1388,8938,886,17960,2274
23,19,023,6876,437,6901,491,13777,928
24,19,025,4349,298,4471,263,8820,561
25,19,027,9502,392,9945,427,19447,819
26,19,029,6042,505,6474,308,12516,813
27,19,031,8437,466,8851,379,17288,845
28,19,033,19432,1546,20426,1418,39858,2964
29,19,035,5309,509,5252,390,10561,899
30,19,037,5706,396,5630,384,11336,780
31,19,039,3958,680,4065,439,8023,1119
32,19,041,7388,616,7707,544,15095,1160
33,19,043,8115,684,8114,656,16229,1340
34,19,045,21990,1640,22956,1284,44946,2924
35,19,047,7484,1129,7631,807,15115,1936
36,19,049,34604,2002,36040,1736,70644,3738
37,19,051,3242,1023,3150,1212,6392,2235
38,19,053,3601,468,3449,622,7050,1090
39,19,055,8234,452,8359,297,16593,749
40,19,057,17543,1763,19146,1255,36689,3018
41,19,059,7864,524,7901,469,15765,993
42,19,061,44017,2826,45546,2267,89563,5093
43,19,063,4217,614,4425,389,8642,1003
44,19,065,9182,997,9220,835,18402,1832
45,19,067,7168,721,7339,613,14507,1334
46,19,069,4792,399,4761,384,9553,783
47,19,071,3162,317,3270,234,6432,551
48,19,073,4174,252,4412,221,8586,473
49,19,075,5728,300,6002,225,11730,525
50,19,077,4793,474,4992,343,9785,817
51,19,079,6519,842,7204,528,13723,1370
52,19,081,5254,289,5137,260,10391,549
53,19,083,7755,617,7942,535,15697,1152
54,19,085,6389,699,6658,472,13047,1171
55,19,087,8589,702,8945,648,17534,1350
56,19,089,4305,326,4313,376,8618,702
57,19,091,4394,301,4616,246,9010,547
58,19,093,3226,300,3149,267,6375,567
59,19,095,7475,521,7678,421,15153,942
60,19,097,8854,774,8959,794,17813,1568
61,19,099,15903,1312,16644,1164,32547,2476
62,19,101,7808,1132,7504,729,15312,1861
63,19,103,62291,5726,65282,4449,127573,10175
64,19,105,8896,559,9288,493,18184,1052
65,19,107,4763,393,4784,228,9547,621
66,19,109,7112,425,7158,327,14270,752
67,19,111,15554,1813,15861,1472,31415,3285
68,19,113,98672,7125,102735,6117,201407,13242
69,19,115,5331,366,5018,426,10349,792
70,19,117,3889,436,3961,312,7850,748
71,19,119,5292,567,5245,449,10537,1016
72,19,121,7185,541,7336,395,14521,936
73,19,123,10334,800,10558,470,20892,1270
74,19,125,15729,734,15889,647,31618,1381
75,19,127,18265,1919,18398,1389,36663,3308
76,19,129,6865,528,6811,418,13676,946
77,19,131,4662,625,4802,456,9464,1081
78,19,133,4113,336,4084,343,8197,679
79,19,135,3490,602,3357,417,6847,1019
80,19,137,4447,518,4980,327,9427,845
81,19,139,19539,1665,19543,1683,39082,3348
82,19,141,6514,472,6423,477,12937,949
83,19,143,2812,263,2737,295,5549,558
84,19,145,6505,822,6810,597,13315,1419
85,19,147,4213,355,4197,240,8410,595
86,19,149,11390,766,11769,636,23159,1402
87,19,151,3169,326,3264,208,6433,534
88,19,153,202694,17295,213559,13896,416253,31191
89,19,155,40374,4897,43002,3788,83376,8685
90,19,157,8281,576,8937,594,17218,1170
91,19,159,2148,282,2171,273,4319,555
92,19,161,4568,358,4657,324,9225,682
93,19,163,74793,7742,80096,5650,154889,13392
94,19,165,5277,539,5582,372,10859,911
95,19,167,15807,1411,15737,1129,31544,2540
96,19,169,45559,2642,42773,1887,88332,4529
97,19,171,7763,735,7896,704,15659,1439
98,19,173,2683,396,2720,312,5403,708
99,19,175,5477,483,5890,585,11367,1068
100,19,177,3256,524,3112,473,6368,997
101,19,179,15390,1800,16210,1526,31600,3326
102,19,181,21891,1175,22863,1028,44754,2203
103,19,183,9615,1082,9902,1095,19517,2177
104,19,185,2650,385,2814,433,5464,818
105,19,187,15924,1780,16616,1216,32540,2996
106,19,189,4821,308,5032,234,9853,542
107,19,191,9724,563,9833,484,19557,1047
108,19,193,43575,6383,47044,4576,90619,10959
109,19,195,3395,305,3519,243,6914,548
110,19,197,5785,580,5903,489,11688,1069
12,16,001,179687,24140,186069,21581,365756,45721
13,16,003,1685,338,1408,417,3093,755
14,16,005,35907,5326,35846,5215,71753,10541
15,16,007,2602,372,2618,308,5220,680
16,16,009,3578,964,3616,844,7194,1808
17,16,011,19203,3329,19504,3105,38707,6434
18,16,013,8753,2073,9000,1457,17753,3530
19,16,015,3004,611,2874,368,5878,979
20,16,017,16871,3473,17198,3180,34069,6653
21,16,019,45074,7432,47260,6823,92334,14255
22,16,021,4380,1173,3939,1397,8319,2570
23,16,023,1191,221,978,226,2169,447
24,16,025,421,117,386,128,807,245
25,16,027,79546,18096,82935,16843,162481,34939
26,16,029,3102,281,3077,258,6179,539
27,16,031,9384,2297,9055,2252,18439,4549
28,16,033,231,209,329,132,560,341
29,16,035,3224,522,3185,591,6409,1113
30,16,037,1931,206,1642,423,3573,629
31,16,039,9973,1643,10638,1656,20611,3299
32,16,041,5577,947,5343,1001,10920,1948
33,16,043,5200,902,5250,990,10450,1892
34,16,045,6654,1658,6630,1648,13284,3306
35,16,047,5885,1938,5746,1581,11631,3519
36,16,049,6967,1125,6473,1223,13440,2348
37,16,051,11265,2219,11699,1550,22964,3769
38,16,053,8327,3044,8345,2816,16672,5860
39,16,055,59838,11075,61963,10877,121801,21952
40,16,057,17900,1704,16876,1693,34776,3397
41,16,059,3298,602,3193,606,6491,1208
42,16,061,1484,347,1502,425,2986,772
43,16,063,1942,723,1969,587,3911,1310
44,16,065,16867,2083,17065,1700,33932,3783
45,16,067,7661,2570,7775,2174,15436,4744
46,16,069,16662,2619,17470,2343,34132,4962
47,16,071,1951,229,1800,232,3751,461
48,16,073,4083,1696,4060,1385,8143,3081
49,16,075,9157,2205,8899,2287,18056,4492
50,16,077,3396,471,3203,596,6599,1067
51,16,079,5282,950,5050,1088,10332,2038
52,16,081,4354,1025,3953,953,8307,1978
53,16,083,31896,7143,33910,6119,65806,13262
54,16,085,3987,1012,3991,647,7978,1659
55,16,087,4079,918,3849,1041,7928,1959
12,17,001,28948,3173,31295,2375,60243,5548
13,17,003,2784,619,3204,517,5988,1136
14,17,005,7306,520,8056,347,15362,867
15,17,007,24063,2679,24223,2568,48286,5247
16,17,009,2570,194,2292,135,4862,329
17,17,011,14846,1743,15866,1269,30712,3012
18,17,013,2333,147,2349,90,4682,237
19,17,015,6529,829,6845,546,13374,1375
20,17,017,6014,693,5811,576,11825,1269
21,17,019,92122,9537,95737,6476,187859,16013
22,17,021,14242,1622,15615,940,29857,2562
23,17,023,6969,759,7522,678,14491,1437
24,17,025,5900,719,6221,566,12121,1285
25,17,027,16679,1061,17243,1018,33922,2079
26,17,029,22166,3037,25035,2111,47201,5148
27,17,031,2103599,410838,2348142,330018,4451741,740856
28,17,033,7860,1003,8562,736,16422,1739
29,17,035,5052,410,5011,344,10063,754
30,17,037,45996,5120,47894,4510,93890,9630
31,17,039,7261,845,7595,448,14856,1293
32,17,041,7827,1829,8266,1748,16093,3577
33,17,043,411862,42255,435524,34940,847386,77195
34,17,045,7988,698,8274,762,16262,1460
35,17,047,2924,344,3146,201,6070,545
36,17,049,15617,1332,15938,1040,31555,2372
37,17,051,8549,1573,9305,1070,17854,2643
38,17,053,5896,759,6325,444,12221,1203
39,17,055,17019,2304,17973,1920,34992,4224
40,17,057,15208,1655,16087,1139,31295,2794
41,17,059,2279,291,2598,217,4877,508
42,17,061,5958,630,6055,601,12013,1231
43,17,063,23054,1929,23379,1691,46433,3620
44,17,065,3633,433,3779,396,7412,829
45,17,067,8424,750,8769,629,17193,1379
46,17,069,1854,295,1872,172,3726,467
47,17,071,3131,263,3331,252,6462,515
48,17,073,22242,2034,23560,1281,45802,3315
49,17,075,12646,1403,13538,1009,26184,2412
50,17,077,26309,3171,27085,2267,53394,5438
51,17,079,4354,425,4455,338,8809,763
52,17,081,16146,1840,16917,1633,33063,3473
53,17,083,9880,1023,10390,988,20270,2011
54,17,085,10402,789,10313,741,20715,1530
55,17,087,4825,579,5104,431,9929,1010
56,17,089,224538,34989,234737,27421,459275,62410
57,17,091,47095,6334,52251,4214,99346,10548
58,17,093,55861,3639,57763,2523,113624,6162
59,17,095,21329,2604,23479,1962,44808,4566
60,17,097,300937,38450,317800,30477,618737,68927
61,17,099,48455,5875,50956,4462,99411,10337
62,17,101,4119,444,6007,591,10126,1035
63,17,103,14529,1484,14968,1281,29497,2765
64,17,105,15541,1274,15881,997,31422,2271
65,17,107,10390,973,11924,710,22314,1683
66,17,109,14128,1315,15125,1068,29253,2383
67,17,111,139659,12815,142634,10986,282293,23801
68,17,113,77943,5782,83708,4527,161651,10309
69,17,115,45971,5397,51455,3950,97426,9347
70,17,117,20678,2287,21756,1563,42434,3850
71,17,119,117515,12327,126195,8900,243710,21227
72,17,121,16340,2262,17635,1717,33975,3979
73,17,123,5466,436,5677,329,11143,765
74,17,125,6283,631,6482,537,12765,1168
75,17,127,6263,903,6897,731,13160,1634
76,17,129,5691,395,6065,299,11756,694
77,17,131,7464,421,7559,407,15023,828
78,17,133,15483,875,16248,643,31731,1518
79,17,135,9479,581,13000,822,22479,1403
80,17,137,14710,1702,15971,980,30681,2682
81,17,139,6220,961,6573,851,12793,1812
82,17,141,23669,2237,23986,2004,47655,4241
83,17,143,80195,9174,88941,6532,169136,15706
84,17,145,8538,1052,9344,779,17882,1831
85,17,147,7673,465,7898,409,15571,874
86,17,149,6805,886,7199,721,14004,1607
87,17,151,1911,159,1934,122,3845,281
88,17,153,2536,325,2743,259,5279,584
89,17,155,2658,278,2665,215,5323,493
90,17,157,13720,1275,13830,1116,27550,2391
91,17,159,7236,745,7280,656,14516,1401
92,17,161,63474,7177,68428,5696,131902,12873
93,17,163,109781,15069,125311,11067,235092,26136
94,17,165,10329,1377,11365,1164,21694,2541
95,17,167,85893,8590,96636,5726,182529,14316
96,17,169,2901,954,3084,293,5985,1247
97,17,171,2232,281,2485,152,4717,433
98,17,173,9821,1147,10223,732,20044,1879
99,17,175,2569,280,2704,205,5273,485
100,17,177,20113,2171,22010,1584,42123,3755
101,17,179,60428,4933,63659,4342,124087,9275
102,17,181,7728,927,7935,808,15663,1735
103,17,183,33321,4625,37214,2928,70535,7553
104,17,185,5240,427,5446,456,10686,883
105,17,187,7792,751,8299,666,16091,1417
106,17,189,6555,581,6684,428,13239,1009
107,17,191,7396,786,7712,612,15108,1398
108,17,193,6151,687,6747,545,12898,1232
109,17,195,25020,2804,26751,2076,51771,4880
110,17,197,303905,30668,319482,23374,623387,54042
111,17,199,28472,3366,30947,2498,59419,5864
112,17,201,123333,16996,134331,12616,257664,29612
113,17,203,17966,1257,18355,970,36321,2227
12,18,001,12964,4012,13100,4142,26064,8154
13,18,003,150074,25374,160131,24245,310205,49619
14,18,005,34684,4348,34960,4574,69644,8922
15,18,007,3646,702,3807,512,7453,1214
16,18,009,5134,903,5344,923,10478,1826
17,18,011,27235,2530,27975,2173,55210,4703
18,18,013,6408,1077,6463,932,12871,2009
19,18,015,8330,1557,8678,1334,17008,2891
20,18,017,15674,3128,16226,2792,31900,5920
21,18,019,46813,7703,50697,6414,97510,14117
22,18,021,11270,1629,11934,1533,23204,3162
23,18,023,13628,2176,14134,2246,27762,4422
24,18,025,4818,520,4698,496,9516,1016
25,18,027,12618,3375,12601,3357,25219,6732
26,18,029,22206,2249,22495,2168,44701,4417
27,18,031,11143,1689,11404,1686,22547,3375
28,18,033,18100,2885,18259,2832,36359,5717
29,18,035,47799,7995,53817,6250,101616,14245
30,18,037,19082,1645,19285,1483,38367,3128
31,18,039,78600,19159,81781,18674,160381,37833
32,18,041,9694,1943,9985,1830,19679,3773
33,18,043,32243,4169,34587,3904,66830,8073
34,18,045,7363,1018,7597,737,14960,1755
35,18,047,10385,1059,10442,968,20827,2027
36,18,049,8761,1357,8876,1304,17637,2661
37,18,051,14615,1936,14958,1606,29573,3542
38,18,053,27995,4428,31014,4506,59009,8934
39,18,055,13772,2387,14446,1927,28218,4314
40,18,057,133967,10141,141488,9471,275455,19612
41,18,059,31559,3012,33142,2993,64701,6005
42,18,061,17348,2105,17730,1840,35078,3945
43,18,063,67526,6690,70754,5627,138280,12317
44,18,065,18933,3496,20315,3185,39248,6681
45,18,067,34676,4721,37634,4798,72310,9519
46,18,069,15653,2203,16607,1913,32260,4116
47,18,071,18573,2785,18665,2816,37238,5601
48,18,073,14816,1581,14772,1932,29588,3513
49,18,075,8849,1480,9460,1250,18309,2730
50,18,077,13271,2024,13793,1916,27064,3940
51,18,079,12221,1730,12293,1615,24514,3345
52,18,081,62927,7284,66581,6702,129508,13986
53,18,083,16560,2242,15792,2655,32352,4897
54,18,085,32774,5682,33738,5039,66512,10721
55,18,087,11118,8061,10668,8069,21786,16130
56,18,089,201307,34810,220117,31833,421424,66643
57,18,091,43254,5861,47298,5999,90552,11860
58,18,093,18953,3406,19695,3087,38648,6493
59,18,095,51832,8896,56889,7522,108721,16418
60,18,097,362748,78114,411127,64482,773875,142596
61,18,099,19603,3532,19708,3640,39311,7172
62,18,101,4408,705,4409,647,8817,1352
63,18,103,15202,2349,14794,1817,29996,4166
64,18,105,62102,8313,63785,7277,125887,15590
65,18,107,16552,2590,16354,2147,32906,4737
66,18,109,29956,3980,31211,3523,61167,7503
67,18,111,5948,1060,5930,916,11878,1976
68,18,113,20425,2984,20259,3059,40684,6043
69,18,115,2633,363,2688,297,5321,660
70,18,117,8431,1230,8677,1134,17108,2364
71,18,119,8672,1969,8981,1411,17653,3380
72,18,121,6668,1341,6589,981,13257,2322
73,18,123,7972,836,8028,831,16000,1667
74,18,125,5557,670,5607,629,11164,1299
75,18,127,73133,8037,75759,8265,148892,16302
76,18,129,11771,823,11940,782,23711,1605
77,18,131,5661,855,5588,777,11249,1632
78,18,133,14904,2042,15700,1728,30604,3770
79,18,135,10277,2030,11109,1822,21386,3852
80,18,137,12406,1488,13193,1063,25599,2551
81,18,139,7088,1260,7480,976,14568,2236
82,18,141,110161,17834,121115,15619,231276,33453
83,18,143,9893,1578,10912,1052,20805,2630
84,18,145,18589,2948,19630,2561,38219,5509
85,18,147,9548,894,9375,821,18923,1715
86,18,149,10130,1260,10415,1307,20545,2567
87,18,151,15095,2153,14737,2002,29832,4155
88,18,153,7878,1578,8160,1317,16038,2895
89,18,155,4519,866,4272,731,8791,1597
90,18,157,80039,11380,78153,9682,158192,21062
91,18,159,6741,937,6682,1027,13423,1964
92,18,161,3159,488,3209,381,6368,869
93,18,163,75092,11396,82866,9443,157958,20839
94,18,165,6822,900,7071,856,13893,1756
95,18,167,44041,7289,45578,7081,89619,14370
96,18,169,13812,1655,14518,1409,28330,3064
97,18,171,3822,278,3874,301,7696,579
98,18,173,27350,2520,28236,2148,55586,4668
99,18,175,11739,1976,12453,1484,24192,3460
100,18,177,26546,5708,28928,5548,55474,11256
101,18,179,12159,1298,12294,1480,24453,2778
102,18,181,10690,1293,10944,1212,21634,2505
103,18,183,14968,1515,15078,1388,30046,2903
12,20,001,5602,779,5754,741,11356,1520
13,20,003,3391,487,3407,509,6798,996
14,20,005,6755,1145,7594,963,14349,2108
15,20,007,2170,220,2078,261,4248,481
16,20,009,11051,2075,12159,1703,23210,3778
17,20,011,6495,677,6594,773,13089,1450
18,20,013,4257,506,4456,590,8713,1096
19,20,015,28486,2977,29710,2918,58196,5895
20,20,017,1131,124,1222,125,2353,249
21,20,019,1521,247,1429,246,2950,493
22,20,021,8766,1516,9103,1346,17869,2862
23,20,023,1218,121,1176,126,2394,247
24,20,025,923,102,947,113,1870,215
25,20,027,3729,200,3921,272,7650,472
26,20,029,3958,606,4098,452,8056,1058
27,20,031,3749,456,3769,372,7518,828
28,20,033,871,110,801,154,1672,264
29,20,035,15033,2174,15862,1800,30895,3974
30,20,037,16719,2730,16792,2435,33511,5165
31,20,039,1209,202,1258,150,2467,352
32,20,041,8495,940,8913,684,17408,1624
33,20,043,3369,577,3345,455,6714,1032
34,20,045,51058,6065,51232,5902,102290,11967
35,20,047,1290,168,1206,232,2496,400
36,20,049,1202,115,1159,159,2361,274
37,20,051,12905,1447,13225,1140,26130,2587
38,20,053,2503,175,2531,190,5034,365
39,20,055,15943,2762,15431,2753,31374,5515
40,20,057,14180,3495,13457,3112,27637,6607
41,20,059,11434,1146,11906,1105,23340,2251
42,20,061,12763,1900,15626,1357,28389,3257
43,20,063,1197,166,1179,139,2376,305
44,20,065,1142,110,1230,83,2372,193
45,20,067,3212,712,3069,744,6281,1456
46,20,069,2642,321,2664,352,5306,673
47,20,071,558,45,560,33,1118,78
48,20,073,2702,374,2828,399,5530,773
49,20,075,1002,340,1020,224,2022,564
50,20,077,2493,375,2511,324,5004,699
51,20,079,15195,1596,15987,1423,31182,3019
52,20,081,1728,327,1622,400,3350,727
53,20,083,865,95,859,85,1724,180
54,20,085,6111,488,6198,475,12309,963
55,20,087,8420,1072,8561,588,16981,1660
56,20,089,1408,98,1412,93,2820,191
57,20,091,253715,21313,268130,19380,521845,40693
58,20,093,1894,190,1603,189,3497,379
59,20,095,3363,510,3365,401,6728,911
60,20,097,1075,144,1155,93,2230,237
61,20,099,8898,1349,9121,1373,18019,2722
62,20,101,741,67,805,52,1546,119
63,20,103,32327,2740,33288,2774,65615,5514
64,20,105,1345,193,1349,201,2694,394
65,20,107,4196,420,4367,475,8563,895
66,20,109,1279,115,1235,124,2514,239
67,20,111,13655,2404,14734,2256,28389,4660
68,20,113,13319,954,13403,941,26722,1895
69,20,115,5517,413,5490,528,11007,941
70,20,117,4446,437,4569,366,9015,803
71,20,119,1927,259,1852,218,3779,477
72,20,121,14560,1227,15190,1119,29750,2346
73,20,123,2831,305,2845,162,5676,467
74,20,125,14212,2402,14815,2214,29027,4616
75,20,127,2547,272,2581,269,5128,541
76,20,129,1437,159,1256,162,2693,321
77,20,131,4754,294,4557,285,9311,579
78,20,133,7189,752,7269,985,14458,1737
79,20,135,1414,122,1381,103,2795,225
80,20,137,2224,186,2154,190,4378,376
81,20,139,7134,817,7005,918,14139,1735
82,20,141,1640,184,1669,184,3309,368
83,20,143,2770,302,2607,274,5377,576
84,20,145,2766,249,2489,396,5255,645
85,20,147,2423,223,2562,175,4985,398
86,20,149,10062,828,10455,805,20517,1633
87,20,151,4211,523,4352,446,8563,969
88,20,153,1187,101,1118,98,2305,199
89,20,155,26523,3668,27232,4141,53755,7809
90,20,157,2133,203,2218,154,4351,357
91,20,159,4223,745,4250,598,8473,1343
92,20,161,31274,2654,32321,2074,63595,4728
93,20,163,2137,288,2378,226,4515,514
94,20,165,1432,145,1395,146,2827,291
95,20,167,3127,317,3121,299,6248,616
96,20,169,23383,3739,24630,3181,48013,6920
97,20,171,2104,261,2409,73,4513,334
98,20,173,211273,35167,222649,30991,433922,66158
99,20,175,9273,2448,9295,2050,18568,4498
100,20,177,74433,10865,81597,8636,156030,19501
101,20,179,1194,108,1070,130,2264,238
102,20,181,2553,368,2754,325,5307,693
103,20,183,1693,115,1754,120,3447,235
104,20,185,1821,295,1823,273,3644,568
105,20,187,851,125,1027,110,1878,235
106,20,189,2384,498,2327,489,4711,987
107,20,191,10137,1312,10578,1128,20715,2440
108,20,193,3626,233,3656,294,7282,527
109,20,195,1290,135,1354,99,2644,234
110,20,197,3155,327,3179,233,6334,560
111,20,199,662,119,737,59,1399,178
112,20,201,2552,262,2526,213,5078,475
113,20,203,1003,143,857,177,1860,320
114,20,205,3690,733,3839,673,7529,1406
115,20,207,1367,222,1303,295,2670,517
116,20,209,59633,19059,64007,16905,123640,35964
12,21,001,7610,1513,8237,1191,15847,2704
13,21,003,8287,1643,8621,1617,16908,3260
14,21,005,9563,1019,10211,858,19774,1877
15,21,007,3513,513,3619,481,7132,994
16,21,009,17754,2806,19037,2579,36791,5385
17,21,011,5097,829,5211,745,10308,1574
18,21,013,11077,1888,12279,1896,23356,3784
19,21,015,55944,4960,58053,4777,113997,9737
20,21,017,8272,1468,8907,1125,17179,2593
21,21,019,19500,2989,21652,2664,41152,5653
22,21,021,11987,1657,13140,1313,25127,2970
23,21,023,3834,355,3880,312,7714,667
24,21,025,5669,1065,6027,683,11696,1748
25,21,027,8348,1409,8807,1218,17155,2627
26,21,029,34539,3232,36542,2294,71081,5526
27,21,031,5530,791,5527,772,11057,1563
28,21,033,5306,847,5982,565,11288,1412
29,21,035,15956,2145,17401,2162,33357,4307
30,21,037,39050,4835,41623,4503,80673,9338
31,21,039,1999,371,2234,310,4233,681
32,21,041,4547,926,4343,777,8890,1703
33,21,043,11205,2107,11721,1979,22926,4086
34,21,045,6323,1419,6646,1235,12969,2654
35,21,047,26112,4412,30171,4471,56283,8883
36,21,049,15217,1994,16084,1937,31301,3931
37,21,051,8527,1318,8879,920,17406,2238
38,21,053,4184,760,4569,523,8753,1283
39,21,055,3763,740,3854,671,7617,1411
40,21,057,2711,582,2831,595,5542,1177
41,21,059,41744,4990,45640,4058,87384,9048
42,21,061,5339,723,5522,424,10861,1147
43,21,063,2965,413,2916,409,5881,822
44,21,065,5958,1112,6469,811,12427,1923
45,21,067,128848,18757,140094,15307,268942,34064
46,21,069,5735,1444,6113,1252,11848,2696
47,21,071,15672,3017,17076,2325,32748,5342
48,21,073,20632,3089,23049,2051,43681,5140
49,21,075,2477,379,2656,480,5133,859
50,21,077,3653,584,3569,651,7222,1235
51,21,079,7132,1188,7409,1144,14541,2332
52,21,081,10735,1268,10822,1419,21557,2687
53,21,083,15937,2107,16799,2228,32736,4335
54,21,085,10962,1730,11130,1779,22092,3509
55,21,087,4766,672,5029,568,9795,1240
56,21,089,15041,2504,16463,2045,31504,4549
57,21,091,4054,375,3828,357,7882,732
58,21,093,43690,5003,48278,4751,91968,9754
59,21,095,11532,2065,12330,1993,23862,4058
60,21,097,7525,1511,8119,1289,15644,2800
61,21,099,7399,1564,7956,1268,15355,2832
62,21,101,19221,2564,21419,2224,40640,4788
63,21,103,6875,815,6811,876,13686,1691
64,21,105,1822,351,2083,264,3905,615
65,21,107,19300,2689,20665,2855,39965,5544
66,21,109,5322,1225,5727,931,11049,2156
67,21,111,317681,42529,350615,36744,668296,79273
68,21,113,21214,2952,22975,2609,44189,5561
69,21,115,9812,1282,10624,1189,20436,2471
70,21,117,70758,8846,74031,7822,144789,16668
71,21,119,6791,1117,6837,1073,13628,2190
72,21,121,13099,2244,14164,1956,27263,4200
73,21,123,5839,934,6563,531,12402,1465
74,21,125,24302,4516,26170,4023,50472,8539
75,21,127,7013,812,6685,1199,13698,2011
76,21,129,2586,375,2853,480,5439,855
77,21,131,4705,562,4739,743,9444,1305
78,21,133,10039,1495,10330,1616,20369,3111
79,21,135,5802,997,5818,1025,11620,2022
80,21,137,9829,1898,10872,1688,20701,3586
81,21,139,4161,471,4367,333,8528,804
82,21,141,11222,1890,11565,1903,22787,3793
83,21,143,3120,448,3167,326,6287,774
84,21,145,27284,3471,30304,3202,57588,6673
85,21,147,7222,1104,7267,829,14489,1933
86,21,149,4194,482,4270,470,8464,952
87,21,151,36288,4892,39492,4355,75780,9247
88,21,153,5506,977,5635,760,11141,1737
89,21,155,8105,1031,8714,824,16819,1855
90,21,157,13550,1520,14546,1045,28096,2565
91,21,159,4729,908,4720,774,9449,1682
92,21,161,7261,1066,7844,818,15105,1884
93,21,163,12110,1836,12590,1681,24700,3517
94,21,165,2721,532,2695,318,5416,850
95,21,167,9137,1331,9758,955,18895,2286
96,21,169,4014,895,4198,784,8212,1679
97,21,171,4672,576,4805,542,9477,1118
98,21,173,11234,1995,11766,1813,23000,3808
99,21,175,5158,690,5295,629,10453,1319
100,21,177,12821,2172,13643,1647,26464,3819
101,21,179,19866,2005,20379,2020,40245,4025
102,21,181,2885,545,2979,560,5864,1105
103,21,183,10653,1198,10556,1345,21209,2543
104,21,185,27429,1803,28212,1375,55641,3178
105,21,187,4806,448,4930,508,9736,956
106,21,189,1879,247,2108,300,3987,547
107,21,191,6614,595,6570,639,13184,1234
108,21,193,11544,1921,11982,1944,23526,3865
109,21,195,26905,3723,28765,3303,55670,7026
110,21,197,5131,829,5551,714,10682,1543
111,21,199,26787,3975,28664,3411,55451,7386
112,21,201,1004,78,946,119,1950,197
113,21,203,7221,929,7651,843,14872,1772
114,21,205,9643,1561,10476,1707,20119,3268
115,21,207,7313,1270,7645,1297,14958,2567
116,21,209,22340,2276,22960,2365,45300,4641
117,21,211,18124,3024,19538,2289,37662,5313
118,21,213,7182,1324,7973,907,15155,2231
119,21,215,8119,615,8069,651,16188,1266
120,21,217,9975,1923,11125,1615,21100,3538
121,21,219,4872,1197,4982,1241,9854,2438
122,21,221,5665,1274,6222,1005,11887,2279
123,21,223,3727,636,3934,486,7661,1122
124,21,225,6386,1340,6497,760,12883,2100
125,21,227,49575,7636,54292,6175,103867,13811
126,21,229,5190,641,5345,609,10535,1250
127,21,231,8652,1393,9154,1148,17806,2541
128,21,233,5656,845,5850,713,11506,1558
129,21,235,14768,2377,15823,2205,30591,4582
130,21,237,3089,443,3194,410,6283,853
131,21,239,10802,1350,12086,961,22888,2311
12,22,001,25052,4501,26321,5380,51373,9881
13,22,003,9085,1517,9271,1456,18356,2973
14,22,005,49740,6573,51245,6347,100985,12920
15,22,007,9365,1730,10035,1732,19400,3462
16,22,009,14267,3471,16338,3711,30605,7182
17,22,011,14324,3286,14852,2707,29176,5993
18,22,013,5355,1163,6032,1103,11387,2266
19,22,015,49219,7780,53840,7722,103059,15502
20,22,017,98254,19517,111467,20545,209721,40062
21,22,019,78600,15365,84661,14896,163261,30261
22,22,021,3588,1273,3742,909,7330,2182
23,22,023,2885,375,3098,336,5983,711
24,22,025,3492,1086,3512,1194,7004,2280
25,22,027,6309,1419,5875,1103,12184,2522
26,22,029,6436,2106,6914,2963,13350,5069
27,22,031,10910,1898,11889,2111,22799,4009
28,22,033,182247,29615,203061,26795,385308,56410
29,22,035,2184,704,2549,627,4733,1331
30,22,037,7029,1171,7838,1130,14867,2301
31,22,039,12886,2366,14036,2317,26922,4683
32,22,041,6763,2057,8079,2208,14842,4265
33,22,043,7766,1456,8385,1330,16151,2786
34,22,045,29216,6262,31899,5736,61115,11998
35,22,047,12326,2175,13307,1618,25633,3793
36,22,049,6201,1155,6669,1008,12870,2163
37,22,051,170170,38834,190812,31948,360982,70782
38,22,053,13196,1961,13402,2304,26598,4265
39,22,055,95586,16284,100459,17188,196045,33472
40,22,057,40417,6919,42188,7112,82605,14031
41,22,059,5609,1111,5849,1087,11458,2198
42,22,061,18702,3888,20323,3822,39025,7710
43,22,063,54967,10265,58238,9526,113205,19791
44,22,065,3300,1738,3621,1747,6921,3485
45,22,067,9869,2442,11441,2459,21310,4901
46,22,069,15049,3127,16951,3484,32000,6611
47,22,071,144150,32246,167332,27871,311482,60117
48,22,073,55010,13804,65499,15045,120509,28849
49,22,075,9586,1469,10469,1260,20055,2729
50,22,077,8902,1807,9933,1729,18835,3536
51,22,079,51678,10140,57797,9853,109475,19993
52,22,081,3476,734,3741,775,7217,1509
53,22,083,6428,3106,7524,2868,13952,5974
54,22,085,9729,2123,9862,2117,19591,4240
55,22,087,17811,3166,18950,2585,36761,5751
56,22,089,21539,3573,23413,3456,44952,7029
57,22,091,3913,1245,4593,943,8506,2188
58,22,093,8688,1575,9829,1335,18517,2910
59,22,095,17705,3182,19606,2968,37311,6150
60,22,097,33611,6006,36207,6717,69818,12723
61,22,099,22517,3509,22724,4110,45241,7619
62,22,101,20511,5130,22112,4804,42623,9934
63,22,103,100907,15203,110031,14275,210938,29478
64,22,105,49445,11132,54218,9950,103663,21082
65,22,107,1437,819,1794,707,3231,1526
66,22,109,45137,9743,47124,9504,92261,19247
67,22,111,9243,1520,9346,2002,18589,3522
68,22,113,23925,4489,26220,4020,50145,8509
69,22,115,19463,2999,21583,2744,41046,5743
70,22,117,17546,3722,19486,4016,37032,7738
71,22,119,15408,3646,17022,3617,32430,7263
72,22,121,9882,1667,11267,1171,21149,2838
73,22,123,3298,1763,3779,1842,7077,3605
74,22,125,6066,805,4546,575,10612,1380
75,22,127,5058,1136,5731,1183,10789,2319
12,25,001,96016,5058,106883,4331,202899,9389
13,25,003,58717,2525,64310,1472,123027,3997
14,25,005,251666,12617,273204,8304,524870,20921
15,25,007,7430,957,8134,416,15564,1373
16,25,009,346008,17841,381455,11050,727463,28891
17,25,011,32927,1385,35098,984,68025,2369
18,25,013,211241,11563,233061,6691,444302,18254
19,25,015,71865,2788,82499,2255,154364,5043
20,25,017,718895,30371,771113,20090,1490008,50461
21,25,019,5049,506,4666,283,9715,789
22,25,021,315500,8590,348517,6448,664017,15038
23,25,023,230787,9501,249253,6633,480040,16134
24,25,025,339121,23427,375290,14000,714411,37427
25,25,027,375789,16106,397311,9771,773100,25877
12,24,001,30584,2908,32601,2070,63185,4978
13,24,003,240091,19346,260900,14834,500991,34180
14,24,005,349705,36042,399264,29786,748969,65828
15,24,009,40547,3060,42835,2344,83382,5404
16,24,011,13480,2162,15141,1486,28621,3648
17,24,013,77013,4409,80583,3425,157596,7834
18,24,015,45549,4270,47305,3698,92854,7968
19,24,017,67034,4660,75125,3317,142159,7977
20,24,019,13800,1515,15552,1228,29352,2743
21,24,021,108742,8968,114221,7176,222963,16144
22,24,023,12834,1649,13368,1480,26202,3129
23,24,025,113060,7086,120857,5276,233917,12362
24,24,027,137570,9750,145908,8370,283478,18120
25,24,029,8298,942,9733,599,18031,1541
26,24,031,430903,54617,474753,48905,905656,103522
27,24,033,355547,69865,408095,52586,763642,122451
28,24,035,22094,1470,23452,999,45546,2469
29,24,037,48738,3615,51331,3219,100069,6834
30,24,039,8510,1033,10465,1225,18975,2258
31,24,041,15681,1921,18088,1719,33769,3640
32,24,043,62393,6419,66780,5372,129173,11791
33,24,045,41662,5754,48196,4245,89858,9999
34,24,047,21853,2792,24194,2068,46047,4860
35,24,510,249644,36380,299583,27012,549227,63392
12,23,001,46709,5390,50154,4136,96863,9526
13,23,003,29842,4255,31765,3092,61607,7347
14,23,005,123850,13135,135529,10366,259379,23501
15,23,007,13230,1633,13653,1736,26883,3369
16,23,009,22315,4190,24230,3497,46545,7687
17,23,011,51871,6022,57298,4550,109169,10572
18,23,013,15898,2827,17774,2158,33672,4985
19,23,015,14128,2238,15508,1775,29636,4013
20,23,017,24711,3543,25809,2981,50520,6524
21,23,019,65459,9179,69243,7781,134702,16960
22,23,021,7265,1242,7529,985,14794,2227
23,23,023,15131,1641,16850,1267,31981,2908
24,23,025,21672,3489,23389,2515,45061,6004
25,23,027,16656,2339,17567,2185,34223,4524
26,23,029,13241,2331,14250,1811,27491,4142
27,23,031,85969,10381,94299,7360,180268,17741
12,26,001,4712,568,4643,531,9355,1099
13,26,003,3733,590,3747,429,7480,1019
14,26,005,50610,5289,51742,4477,102352,9766
15,26,007,12241,1820,13037,1605,25278,3425
16,26,009,10140,1370,10359,1232,20499,2602
17,26,011,6758,977,6890,630,13648,1607
18,26,013,2832,242,3020,293,5852,535
19,26,015,26953,2512,27124,2071,54077,4583
20,26,017,46672,5401,49948,3721,96620,9122
21,26,019,7415,1202,7759,873,15174,2075
22,26,021,66019,9480,70814,8026,136833,17506
23,26,023,17948,2654,18762,2211,36710,4865
24,26,025,57482,7460,62320,5876,119802,13336
25,26,027,22876,3208,23121,2612,45997,5820
26,26,029,11309,1423,12008,1126,23317,2549
27,26,031,10755,1840,11273,1519,22028,3359
28,26,033,15235,2328,15554,1781,30789,4109
29,26,035,12679,2275,13375,2058,26054,4333
30,26,037,34356,3186,36596,2139,70952,5325
31,26,039,6315,630,6190,578,12505,1208
32,26,041,15893,2084,16433,1892,32326,3976
33,26,043,11386,1309,12033,912,23419,2221
34,26,045,47705,4843,51387,3728,99092,8571
35,26,047,14287,1872,15012,1507,29299,3379
36,26,049,178891,20287,199440,14671,378331,34958
37,26,051,10845,1845,11109,1476,21954,3321
38,26,053,6260,943,6147,942,12407,1885
39,26,055,37680,4728,41452,3904,79132,8632
40,26,057,16372,1837,17609,1700,33981,3537
41,26,059,19711,3065,20196,2809,39907,5874
42,26,061,17670,2056,15133,1373,32803,3429
43,26,063,14149,1771,14664,1337,28813,3108
44,26,065,123123,13582,135036,10043,258159,23625
45,26,067,27175,3133,27785,2216,54960,5349
46,26,069,10898,1614,11358,1209,22256,2823
47,26,071,4921,649,5149,506,10070,1155
48,26,073,29705,4265,32384,3727,62089,7992
49,26,075,66927,7612,70651,6782,137578,14394
50,26,077,111892,12752,120882,9318,232774,22070
51,26,079,7510,1215,7382,1061,14892,2276
52,26,081,270413,33224,289867,25135,560280,58359
53,26,083,1022,115,956,97,1978,212
54,26,085,4793,755,4941,570,9734,1325
55,26,087,38764,4435,39708,3818,78472,8253
56,26,089,9505,1155,10196,775,19701,1930
57,26,091,42704,4735,44449,3837,87153,8572
58,26,093,85073,6726,86466,5495,171539,12221
59,26,095,2435,347,2435,217,4870,564
60,26,097,4638,839,4680,745,9318,1584
61,26,099,368100,43732,401222,35114,769322,78846
62,26,101,9995,1585,10661,1055,20656,2640
63,26,103,28379,4020,30126,2915,58505,6935
64,26,105,12285,1895,12820,1407,25105,3302
65,26,107,18956,2724,19265,2128,38221,4852
66,26,109,10669,1146,10471,1131,21140,2277
67,26,111,37251,3602,39026,3132,76277,6734
68,26,113,6595,1016,6522,738,13117,1754
69,26,115,67649,6066,70833,5009,138482,11075
70,26,117,26455,3758,27230,3094,53685,6852
71,26,119,4024,700,4066,499,8090,1199
72,26,121,72693,8208,79276,6412,151969,14620
73,26,123,21189,2645,21487,2188,42676,4833
74,26,125,540991,53142,583675,45780,1124666,98922
75,26,127,11339,1861,11398,1458,22737,3319
76,26,129,9179,1263,9466,1044,18645,2307
77,26,131,2755,457,2664,358,5419,815
78,26,133,9666,1847,10119,1340,19785,3187
79,26,135,3544,791,3402,664,6946,1455
80,26,137,10454,1369,11063,1070,21517,2439
81,26,139,124049,9990,129902,7876,253951,17866
82,26,141,5692,745,5811,629,11503,1374
83,26,143,10354,1533,10736,1218,21090,2751
84,26,145,83873,8958,92158,8175,176031,17133
85,26,147,70567,8439,73895,6338,144462,14777
86,26,149,26216,3753,27574,2924,53790,6677
87,26,151,17714,2968,18524,2512,36238,5480
88,26,153,3498,543,3717,421,7215,964
89,26,155,29932,3966,31666,3101,61598,7067
90,26,157,23607,3046,24523,2326,48130,5372
91,26,159,32007,5068,34044,3772,66051,8840
92,26,161,160510,11975,167436,9812,327946,21787
93,26,163,726438,121939,823153,95246,1549591,217185
94,26,165,14036,2235,14703,1532,28739,3767
12,27,001,7304,628,7277,437,14581,1065
13,27,003,155823,11886,159251,9448,315074,21334
14,27,005,14446,1952,14841,1504,29287,3456
15,27,007,19419,3079,19771,2658,39190,5737
16,27,009,17465,1820,18070,1356,35535,3176
17,27,011,2288,174,2417,126,4705,300
18,27,013,30414,2115,30581,1479,60995,3594
19,27,015,11642,841,11987,579,23629,1420
20,27,017,16346,1305,15943,971,32289,2276
21,27,019,44942,2338,46391,1785,91333,4123
22,27,021,12836,1582,12842,1039,25678,2621
23,27,023,5383,518,5591,468,10974,986
24,27,025,24809,1884,24450,1341,49259,3225
25,27,027,27578,2300,29120,1387,56698,3687
26,27,029,3809,573,3785,488,7594,1061
27,27,031,2296,290,2368,196,4664,486
28,27,033,5179,423,5585,249,10764,672
29,27,035,28271,2773,29546,1754,57817,4527
30,27,037,186300,13285,195459,11601,381759,24886
31,27,039,9491,582,9571,500,19062,1082
32,27,041,16951,1242,17145,892,34096,2134
33,27,043,6459,557,6437,466,12896,1023
34,27,045,9245,1033,9430,806,18675,1839
35,27,047,13709,1357,14389,970,28098,2327
36,27,049,20893,1771,21272,1646,42165,3417
37,27,051,2788,185,2794,134,5582,319
38,27,053,531559,53042,563962,39808,1095521,92850
39,27,055,8778,546,8804,468,17582,1014
40,27,057,9250,975,9560,698,18810,1673
41,27,059,17605,1560,17777,1036,35382,2596
42,27,061,20410,2134,20142,1898,40552,4032
43,27,063,4773,334,4757,226,9530,560
44,27,065,7273,765,7292,542,14565,1307
45,27,067,19068,1997,19480,1287,38548,3284
46,27,069,2048,173,2015,123,4063,296
47,27,071,5810,670,5986,427,11796,1097
48,27,073,3298,203,3252,145,6550,348
49,27,075,5051,326,4860,344,9911,670
50,27,077,1792,222,1769,112,3561,334
51,27,079,13150,806,12839,735,25989,1541
52,27,081,2669,198,2607,169,5276,367
53,27,083,11652,1034,12152,562,23804,1596
54,27,085,16345,1426,16902,1057,33247,2483
55,27,087,2291,464,2243,460,4534,924
56,27,089,4370,405,4280,330,8650,735
57,27,091,9251,725,9456,690,18707,1415
58,27,093,10443,1102,10532,754,20975,1856
59,27,095,11568,1188,11699,896,23267,2084
60,27,097,15039,1432,15147,1013,30186,2445
61,27,099,17518,1895,18117,1318,35635,3213
62,27,101,3890,299,3905,322,7795,621
63,27,103,15555,844,15863,644,31418,1488
64,27,105,9434,1648,9187,1130,18621,2778
65,27,107,2979,343,3049,195,6028,538
66,27,109,66247,5093,71931,3469,138178,8562
67,27,111,26409,1967,26916,1504,53325,3471
68,27,113,6487,499,6681,240,13168,739
69,27,115,12590,1473,12495,1049,25085,2522
70,27,117,3966,479,4408,339,8374,818
71,27,119,14463,1226,14393,900,28856,2126
72,27,121,5121,385,5047,219,10168,604
73,27,123,228045,26230,249216,19701,477261,45931
74,27,125,1872,184,1914,68,3786,252
75,27,127,7054,757,7071,571,14125,1328
76,27,129,7016,563,6798,503,13814,1066
77,27,131,27682,2731,29574,2022,57256,4753
78,27,133,4210,337,4483,312,8693,649
79,27,135,7498,407,7133,385,14631,792
80,27,137,91466,7407,93151,5140,184617,12547
81,27,139,63816,4279,64480,3368,128296,7647
82,27,141,41926,2684,42301,1600,84227,4284
83,27,143,7125,445,6891,431,14016,876
84,27,145,70278,5627,71882,3644,142160,9271
85,27,147,16659,1065,17658,754,34317,1819
86,27,149,4668,219,4615,184,9283,403
87,27,151,4446,326,4412,204,8858,530
88,27,153,10868,1518,10527,1372,21395,2890
89,27,155,1586,79,1623,53,3209,132
90,27,157,10047,612,10101,434,20148,1046
91,27,159,6044,661,6338,424,12382,1085
92,27,161,8524,560,8332,512,16856,1072
93,27,163,112949,6485,119396,4682,232345,11167
94,27,165,4631,777,4882,629,9513,1406
95,27,167,3036,206,2959,173,5995,379
96,27,169,22371,2613,24235,1509,46606,4122
97,27,171,60440,3886,60402,3171,120842,7057
98,27,173,4645,462,4459,344,9104,806
12,29,001,10824,1177,11811,1435,22635,2612
13,29,003,7657,827,8051,579,15708,1406
14,29,005,2268,394,2392,287,4660,681
15,29,007,9791,1853,10925,1539,20716,3392
16,29,009,14276,3505,14770,2880,29046,6385
17,29,011,5177,780,5425,668,10602,1448
18,29,013,6891,1119,7239,1100,14130,2219
19,29,015,8015,1303,8169,1163,16184,2466
20,29,017,5313,833,5358,766,10671,1599
21,29,019,74337,7488,81131,6446,155468,13934
22,29,021,35906,6568,38780,5467,74686,12035
23,29,023,17314,3107,19400,2516,36714,5623
24,29,025,3960,481,4001,453,7961,934
25,29,027,18353,2151,19311,2318,37664,4469
26,29,029,17731,3647,18484,3655,36215,7302
27,29,031,33392,3674,35954,3535,69346,7209
28,29,033,3922,437,4094,549,8016,986
29,29,035,2380,608,2712,551,5092,1159
30,29,037,43701,5306,46476,4398,90177,9704
31,29,039,5604,1255,5514,1376,11118,2631
32,29,041,3427,307,3430,269,6857,576
33,29,043,33745,5297,36471,4930,70216,10227
34,29,045,2926,543,2883,497,5809,1040
35,29,047,99877,12035,105832,11096,205709,23131
36,29,049,8726,1260,8835,1212,17561,2472
37,29,051,31386,3738,34245,3179,65631,6917
38,29,053,6966,1006,7347,725,14313,1731
39,29,055,9853,2166,10515,1841,20368,4007
40,29,057,3152,649,3070,613,6222,1262
41,29,059,6336,1862,6412,1760,12748,3622
42,29,061,3130,916,3150,881,6280,1797
43,29,063,4219,527,4212,393,8431,920
44,29,065,6000,1568,6542,1327,12542,2895
45,29,067,5437,1236,5560,1160,10997,2396
46,29,069,12334,2629,13394,2534,25728,5163
47,29,071,44984,5261,45939,4878,90923,10139
48,29,073,6544,770,6742,619,13286,1389
49,29,075,2818,397,3044,362,5862,759
50,29,077,114052,21695,125498,18123,239550,39818
51,29,079,4033,812,4472,755,8505,1567
52,29,081,3585,681,3697,573,7282,1254
53,29,083,9081,1570,9737,1406,18818,2976
54,29,085,3643,917,3872,822,7515,1739
55,29,087,1970,278,1969,281,3939,559
56,29,089,4509,504,4607,435,9116,939
57,29,091,16754,2599,18027,2511,34781,5110
58,29,093,4038,863,4303,775,8341,1638
59,29,095,274189,51746,301575,46734,575764,98480
60,29,097,47538,9084,50298,9147,97836,18231
61,29,099,97569,11891,100070,10451,197639,22342
62,29,101,22043,2750,23188,2558,45231,5308
63,29,103,1561,424,1540,433,3101,857
64,29,105,14481,2881,14812,2946,29293,5827
65,29,107,14263,1786,14908,1447,29171,3233
66,29,109,15755,2885,16235,2782,31990,5667
67,29,111,4568,481,4372,548,8940,1029
68,29,113,23642,2898,23748,3079,47390,5977
69,29,115,5065,811,5529,919,10594,1730
70,29,117,5604,965,6401,794,12005,1759
71,29,119,8953,2573,8596,2482,17549,5055
72,29,121,6564,896,6670,1058,13234,1954
73,29,123,4999,953,5528,752,10527,1705
74,29,125,3874,585,3844,630,7718,1215
75,29,127,11569,1990,12609,1996,24178,3986
76,29,129,1438,395,1507,322,2945,717
77,29,131,10355,1786,10929,1608,21284,3394
78,29,133,4754,1288,5250,1214,10004,2502
79,29,135,5859,1191,6205,1222,12064,2413
80,29,137,3677,648,3682,566,7359,1214
81,29,139,4996,786,5140,676,10136,1462
82,29,141,7732,2303,7555,2318,15287,4621
83,29,143,7092,1596,7626,1728,14718,3324
84,29,145,24386,4432,24757,4545,49143,8977
85,29,147,9723,1143,10229,1189,19952,2332
86,29,149,4449,885,4581,930,9030,1815
87,29,151,6519,641,6123,336,12642,977
88,29,153,3965,858,3938,719,7903,1577
89,29,155,6879,1462,7736,1580,14615,3042
90,29,157,8633,751,8765,658,17398,1409
91,29,159,16923,3233,18256,3036,35179,6269
92,29,161,20113,2833,18995,2189,39108,5022
93,29,163,6882,1238,7243,908,14125,2146
94,29,165,41729,3706,43224,3804,84953,7510
95,29,167,13045,1922,13745,1993,26790,3915
96,29,169,16880,2934,17970,2288,34850,5222
97,29,171,2057,382,2040,363,4097,745
98,29,173,4421,700,4473,595,8894,1295
99,29,175,9737,1641,10388,1432,20125,3073
100,29,177,10234,1135,10395,986,20629,2121
101,29,179,2900,383,2725,436,5625,819
102,29,181,5641,1250,5926,1100,11567,2350
103,29,183,170019,13371,177309,12345,347328,25716
104,29,185,3806,881,3809,792,7615,1673
105,29,186,8552,418,8046,767,16598,1185
106,29,187,24374,4136,26292,3638,50666,7774
107,29,189,423435,45306,477858,42847,901293,88153
108,29,195,10359,1083,10451,987,20810,2070
109,29,197,1662,454,1855,372,3517,826
110,29,199,1613,778,1806,581,3419,1359
111,29,201,16351,2471,17253,2522,33604,4993
112,29,203,3358,716,3501,678,6859,1394
113,29,205,2474,497,2554,447,5028,944
114,29,207,12035,2363,12921,2117,24956,4480
115,29,209,12806,2449,13343,2523,26149,4972
116,29,211,2783,488,2689,495,5472,983
117,29,213,20078,5674,21802,5549,41880,11223
118,29,215,9999,1996,10373,1902,20372,3898
119,29,217,7993,1875,8945,1590,16938,3465
120,29,219,14369,2102,14662,1732,29031,3834
121,29,221,10110,1857,10145,1849,20255,3706
122,29,223,5477,1115,5609,1054,11086,2169
123,29,225,14141,3790,14511,3378,28652,7168
124,29,227,859,147,906,110,1765,257
125,29,229,7116,1859,7620,1657,14736,3516
126,29,510,122966,27480,138200,24440,261166,51920
12,28,001,10865,3146,13122,2483,23987,5629
13,28,003,14442,3433,16119,2794,30561,6227
14,28,005,5265,1026,5465,971,10730,1997
15,28,007,7498,1341,8869,1160,16367,2501
16,28,009,3398,676,3619,696,7017,1372
17,28,011,11911,3314,15085,2666,26996,5980
18,28,013,5841,1212,6498,1086,12339,2298
19,28,015,4276,770,4524,580,8800,1350
20,28,017,6650,1511,7634,1291,14284,2802
21,28,019,3352,659,3784,459,7136,1118
22,28,021,3398,910,4110,858,7508,1768
23,28,023,6669,1016,7430,1191,14099,2207
24,28,025,7804,1453,9273,1464,17077,2917
25,28,027,9445,2065,11366,2085,20811,4150
26,28,029,10959,2943,12458,2411,23417,5354
27,28,031,7549,1596,8578,1499,16127,3095
28,28,033,70131,11179,75876,10577,146007,21756
29,28,035,28939,6894,33998,5750,62937,12644
30,28,037,3170,621,3314,672,6484,1293
31,28,039,9247,1973,9214,2200,18461,4173
32,28,041,4221,945,4659,995,8880,1940
33,28,043,8671,1336,9911,1348,18582,2684
34,28,045,17172,5111,18887,4307,36059,9418
35,28,047,72667,18692,79448,17720,152115,36412
36,28,049,92795,20840,110849,18840,203644,39680
37,28,051,7016,1885,8096,1636,15112,3521
38,28,053,3399,831,3738,929,7137,1760
39,28,055,452,122,392,54,844,176
40,28,057,9983,1592,10393,1248,20376,2840
41,28,059,56066,12275,59214,11759,115280,24034
42,28,061,6799,1160,7498,1015,14297,2175
43,28,063,2776,509,3353,521,6129,1030
44,28,065,4525,1117,4954,1234,9479,2351
45,28,067,28118,4544,29379,5481,57497,10025
46,28,069,3883,763,4280,741,8163,1504
47,28,071,21278,3156,23650,2499,44928,5655
48,28,073,23481,4500,25482,4475,48963,8975
49,28,075,30735,5094,34787,5848,65522,10942
50,28,077,5157,1011,5309,1096,10466,2107
51,28,079,8559,2216,9134,2293,17693,4509
52,28,081,34316,5627,38624,5447,72940,11074
53,28,083,11343,3248,13590,2675,24933,5923
54,28,085,13904,2489,14956,2823,28860,5312
55,28,087,22830,4314,25998,4761,48828,9075
56,28,089,42518,4619,47943,3948,90461,8567
57,28,091,10094,2173,10761,2325,20855,4498
58,28,093,13625,3139,15270,3070,28895,6209
59,28,095,14672,2389,16099,2600,30771,4989
60,28,097,4323,547,4879,598,9202,1145
61,28,099,11396,2592,12623,2524,24019,5116
62,28,101,8499,1583,9843,1548,18342,3131
63,28,103,4081,1140,4761,964,8842,2104
64,28,105,21214,3109,21499,2799,42713,5908
65,28,107,13551,2876,15501,2246,29052,5122
66,28,109,21467,5306,22456,5103,43923,10409
67,28,111,4383,1495,5138,1067,9521,2562
68,28,113,15503,3132,17909,2925,33412,6057
69,28,115,11979,3300,12552,2433,24531,5733
70,28,117,10214,2063,11030,1784,21244,3847
71,28,119,2771,848,3192,776,5963,1624
72,28,121,58718,8313,66576,7485,125294,15798
73,28,123,10538,2999,11649,2843,22187,5842
74,28,125,1542,565,2224,376,3766,941
75,28,127,10553,2396,11369,2450,21922,4846
76,28,129,6684,1116,7253,1117,13937,2233
77,28,131,7048,1645,7318,1406,14366,3051
78,28,133,8412,2549,10925,2264,19337,4813
79,28,135,3552,962,5273,726,8825,1688
80,28,137,11062,2487,12572,1817,23634,4304
81,28,139,9246,1568,9666,1471,18912,3039
82,28,141,7612,1654,8535,1478,16147,3132
83,28,143,3816,1036,4686,817,8502,1853
84,28,145,10912,2427,11947,2257,22859,4684
85,28,147,6014,1282,5852,1690,11866,2972
86,28,149,18641,3958,21323,3671,39964,7629
87,28,151,18157,4827,20778,5284,38935,10111
88,28,153,8352,1605,8995,1494,17347,3099
89,28,155,3951,922,4467,573,8418,1495
90,28,157,3268,709,3551,812,6819,1521
91,28,159,7620,1061,8191,1373,15811,2434
92,28,161,5011,965,5613,608,10624,1573
93,28,163,9419,2631,10493,1724,19912,4355
12,30,001,4070,562,4035,490,8105,1052
13,30,003,3687,2775,4007,2551,7694,5326
14,30,005,2153,1076,2308,971,4461,2047
15,30,007,2445,434,2431,332,4876,766
16,30,009,4396,704,4453,647,8849,1351
17,30,011,497,116,459,134,956,250
18,30,013,32558,5433,35087,5132,67645,10565
19,30,015,2242,661,2344,563,4586,1224
20,30,017,5149,672,5260,625,10409,1297
21,30,019,844,42,758,80,1602,122
22,30,021,4065,605,3919,437,7984,1042
23,30,023,3834,745,3656,487,7490,1232
24,30,025,1353,196,1304,167,2657,363
25,30,027,4763,888,4876,721,9639,1609
26,30,029,38210,8056,39283,7180,77493,15236
27,30,031,42674,6272,41109,4917,83783,11189
28,30,033,405,93,441,108,846,201
29,30,035,4047,2542,4625,2325,8672,4867
30,30,037,322,42,299,93,621,135
31,30,039,1395,221,1301,225,2696,446
32,30,041,7002,1317,6551,1519,13553,2836
33,30,043,5373,511,4850,599,10223,1110
34,30,045,932,109,775,181,1707,290
35,30,047,10614,3612,11416,3344,22030,6956
36,30,049,28620,3455,29722,2920,58342,6375
37,30,051,987,169,1036,155,2023,324
38,30,053,7780,1879,7663,1845,15443,3724
39,30,055,835,84,748,39,1583,123
40,30,057,3376,685,3131,515,6507,1200
41,30,059,737,150,826,160,1563,310
42,30,061,1591,509,1767,319,3358,828
43,30,063,46957,8965,48368,7019,95325,15984
44,30,065,2075,297,2021,363,4096,660
45,30,067,6335,1508,6846,929,13181,2437
46,30,069,169,63,147,64,316,127
47,30,071,1612,466,1678,371,3290,837
48,30,073,2449,589,2625,471,5074,1060
49,30,075,709,118,696,147,1405,265
50,30,077,2370,414,2215,372,4585,786
51,30,079,608,118,571,56,1179,174
52,30,081,16273,3831,17080,3386,33353,7217
53,30,083,4632,1067,4405,1028,9037,2095
54,30,085,3768,1672,4041,1373,7809,3045
55,30,087,3493,1025,3560,1191,7053,2216
56,30,089,4653,1092,4124,1341,8777,2433
57,30,091,1621,193,1650,112,3271,305
58,30,093,14473,2808,14162,2516,28635,5324
59,30,095,4172,507,4038,512,8210,1019
60,30,097,1534,226,1665,177,3199,403
61,30,099,2544,442,2580,439,5124,881
62,30,101,1838,518,1732,454,3570,972
63,30,103,388,44,347,33,735,77
64,30,105,3234,523,3301,409,6535,932
65,30,107,885,184,868,145,1753,329
66,30,109,403,73,410,76,813,149
67,30,111,63566,10886,66659,10258,130225,21144
12,37,001,61793,11848,68721,11831,130514,23679
13,37,003,15713,2301,16031,1981,31744,4282
14,37,005,4369,1002,4481,931,8850,1933
15,37,007,9707,2339,10387,1918,20094,4257
16,37,009,10685,2605,11580,1983,22265,4588
17,37,011,6224,1573,6565,1376,12789,2949
18,37,013,19022,3482,21646,3048,40668,6530
19,37,015,7722,1578,8666,1315,16388,2893
20,37,017,13489,2722,15516,2571,29005,5293
21,37,019,46541,9270,51200,7963,97741,17233
22,37,021,97521,19497,109819,16677,207340,36174
23,37,023,35628,7025,38742,5727,74370,12752
24,37,025,78787,12302,84177,11749,162964,24051
25,37,027,32631,6954,35162,6149,67793,13103
26,37,029,4459,488,4608,432,9067,920
27,37,031,26963,5127,29397,4961,56360,10088
28,37,033,9255,1611,9896,1485,19151,3096
29,37,035,63444,11588,68560,9556,132004,21144
30,37,037,27262,5354,30028,4042,57290,9396
31,37,039,10488,2637,11249,2436,21737,5073
32,37,041,5740,1163,6529,956,12269,2119
33,37,043,4078,994,4521,1002,8599,1996
34,37,045,38871,7516,43812,6666,82683,14182
35,37,047,20690,5109,24204,4529,44894,9638
36,37,049,38039,7825,44473,6620,82512,14445
37,37,051,115293,19292,143351,18868,258644,38160
38,37,053,9858,2142,10360,1831,20218,3973
39,37,055,13604,3436,14946,2720,28550,6156
40,37,057,67953,11300,72487,10369,140440,21669
41,37,059,17033,2985,18774,2265,35807,5250
42,37,061,21885,6997,24085,5858,45970,12855
43,37,063,110556,23537,130140,19125,240696,42662
44,37,065,20437,4951,24507,4335,44944,9286
45,37,067,142855,27087,164825,23837,307680,50924
46,37,069,25114,5007,26451,4666,51565,9673
47,37,071,83675,16824,91558,15628,175233,32452
48,37,073,5023,707,5360,536,10383,1243
49,37,075,3237,970,3518,861,6755,1831
50,37,077,22929,3950,25312,2850,48241,6800
51,37,079,7809,1790,8255,1427,16064,3217
52,37,081,200451,37996,230196,34220,430647,72216
53,37,083,20409,4057,24473,3054,44882,7111
54,37,085,47081,8855,53827,8332,100908,17187
55,37,087,23777,4670,26178,4045,49955,8715
56,37,089,43911,8840,48683,7206,92594,16046
57,37,091,8458,1524,10779,1411,19237,2935
58,37,093,18294,3161,21943,3481,40237,6642
59,37,095,1997,458,2152,420,4149,878
60,37,097,69972,10617,72976,10314,142948,20931
61,37,099,16388,3487,17794,2816,34182,6303
62,37,101,72358,14182,77916,12270,150274,26452
63,37,103,3862,1023,4482,696,8344,1719
64,37,105,22501,5700,24947,5037,47448,10737
65,37,107,21830,5509,26143,4306,47973,9815
66,37,109,33425,5657,34528,5400,67953,11057
67,37,111,18526,3360,19508,2625,38034,5985
68,37,113,13028,3366,14225,3072,27253,6438
69,37,115,8835,1533,9401,1025,18236,2558
70,37,117,9207,1912,10402,2070,19609,3982
71,37,119,394554,79148,440912,70014,835466,149162
72,37,121,6327,1139,6653,1084,12980,2223
73,37,123,10297,2606,11294,2567,21591,5173
74,37,125,37266,5229,41237,5632,78503,10861
75,37,127,37616,6774,41977,6855,79593,13629
76,37,129,84864,16254,96287,13171,181151,29425
77,37,131,7822,1734,9211,1484,17033,3218
78,37,133,60931,9861,73645,8594,134576,18455
79,37,135,58773,6925,66098,6134,124871,13059
80,37,137,5137,963,5386,863,10523,1826
81,37,139,15561,2888,17386,2810,32947,5698
82,37,141,21808,4329,23069,4293,44877,8622
83,37,143,5224,1107,5893,1157,11117,2264
84,37,145,15990,2909,17796,2138,33786,5047
85,37,147,69019,12197,79254,12067,148273,24264
86,37,149,8521,1162,8990,1384,17511,2546
87,37,151,57242,12444,60274,11241,117516,23685
88,37,153,17202,4131,19468,3935,36670,8066
89,37,155,49747,13868,56491,12539,106238,26407
90,37,157,38006,6007,41536,5754,79542,11761
91,37,159,55135,11191,60050,9456,115185,20647
92,37,161,26825,5113,29291,4740,56116,9853
93,37,163,24731,6401,26787,5332,51518,11733
94,37,165,13319,2850,15365,2603,28684,5453
95,37,167,25359,3955,25850,4026,51209,7981
96,37,169,19445,3237,20499,3040,39944,6277
97,37,171,29052,6524,31220,5627,60272,12151
98,37,173,5139,1619,5775,1441,10914,3060
99,37,175,12650,3093,13899,2805,26549,5898
100,37,177,1415,413,1396,343,2811,756
101,37,179,91176,13811,95909,11579,187085,25390
102,37,181,16836,3892,20309,3338,37145,7230
103,37,183,410336,59667,444583,52804,854919,112471
104,37,185,7584,1876,8704,1288,16288,3164
105,37,187,5022,764,5787,957,10809,1721
106,37,189,23127,2754,23493,2583,46620,5337
107,37,191,48265,9082,53636,8801,101901,17883
108,37,193,27936,5578,30011,4561,57947,10139
109,37,195,30989,7122,35996,6337,66985,13459
110,37,197,15503,3106,16609,2487,32112,5593
111,37,199,6997,1488,7526,1415,14523,2903
12,38,001,1062,115,1028,86,2090,201
13,38,003,4956,505,5111,332,10067,837
14,38,005,2752,732,2757,538,5509,1270
15,38,007,506,76,349,38,855,114
16,38,009,3109,328,2722,306,5831,634
17,38,011,1461,91,1505,99,2966,190
18,38,013,1040,168,869,130,1909,298
19,38,015,39076,3389,41128,2750,80204,6139
20,38,017,73605,7721,74144,5868,147749,13589
21,38,019,1834,94,1812,54,3646,148
22,38,021,2339,243,2279,188,4618,431
23,38,023,1048,109,1000,100,2048,209
24,38,025,1790,412,1626,315,3416,727
25,38,027,992,102,1137,65,2129,167
26,38,029,1597,129,1536,146,3133,275
27,38,031,1528,127,1542,103,3070,230
28,38,033,692,148,833,94,1525,242
29,38,035,31352,2691,30830,2197,62182,4888
30,38,037,1021,126,1066,110,2087,236
31,38,039,1047,98,1002,91,2049,189
32,38,041,1145,96,1135,83,2280,179
33,38,043,1144,135,1080,71,2224,206
34,38,045,1920,195,1838,91,3758,286
35,38,047,867,46,916,41,1783,87
36,38,049,2706,302,2545,185,5251,487
37,38,051,1236,58,1312,41,2548,99
38,38,053,3968,1083,3710,788,7678,1871
39,38,055,4285,392,4129,455,8414,847
40,38,057,4014,424,3668,415,7682,839
41,38,059,13459,1052,13184,743,26643,1795
42,38,061,4094,916,3434,711,7528,1627
43,38,063,1391,146,1300,129,2691,275
44,38,065,834,110,795,80,1629,190
45,38,067,3282,335,3222,203,6504,538
46,38,069,1806,305,1965,128,3771,433
47,38,071,4968,632,4974,491,9942,1123
48,38,073,2547,172,2450,132,4997,304
49,38,075,1192,65,1158,66,2350,131
50,38,077,7869,465,7377,436,15246,901
51,38,079,4522,2528,5293,2031,9815,4559
52,38,081,1933,97,1740,67,3673,164
53,38,083,618,50,626,43,1244,93
54,38,085,1431,752,1664,486,3095,1238
55,38,087,341,35,279,18,620,53
56,38,089,13171,1442,12384,1177,25555,2619
57,38,091,979,55,872,73,1851,128
58,38,093,9124,970,9324,745,18448,1715
59,38,095,1021,92,1061,85,2082,177
60,38,097,3777,223,3741,156,7518,379
61,38,099,4913,667,4880,367,9793,1034
62,38,101,28609,3115,29757,2358,58366,5473
63,38,103,1929,180,1857,153,3786,333
64,38,105,14385,1497,11912,1468,26297,2965
12,31,001,13894,1771,14127,1366,28021,3137
13,31,003,2880,305,2920,284,5800,589
14,31,005,194,29,200,25,394,54
15,31,007,355,44,365,56,720,100
16,31,009,214,79,207,51,421,130
17,31,011,2453,181,2430,211,4883,392
18,31,013,5247,428,4956,515,10203,943
19,31,015,894,132,883,103,1777,235
20,31,017,1283,172,1322,257,2605,429
21,31,019,21439,2104,22245,1568,43684,3672
22,31,021,2967,283,2957,338,5924,621
23,31,023,3741,371,3701,272,7442,643
24,31,025,11685,773,11691,780,23376,1553
25,31,027,4089,267,3947,224,8036,491
26,31,029,1627,243,1704,256,3331,499
27,31,031,2495,209,2679,328,5174,537
28,31,033,4538,380,4707,353,9245,733
29,31,035,2836,362,2704,376,5540,738
30,31,037,4633,786,4333,680,8966,1466
31,31,039,4041,437,4058,391,8099,828
32,31,041,4558,716,4818,587,9376,1303
33,31,043,8405,1570,8872,1735,17277,3305
34,31,045,3715,645,3960,741,7675,1386
35,31,047,10328,1645,10323,1499,20651,3144
36,31,049,824,147,827,127,1651,274
37,31,051,2521,356,2582,322,5103,678
38,31,053,15521,2220,16362,2033,31883,4253
39,31,055,228496,32282,242959,27736,471455,60018
40,31,057,873,162,821,121,1694,283
41,31,059,2426,307,2483,249,4909,556
42,31,061,1415,124,1370,134,2785,258
43,31,063,1170,127,1120,147,2290,274
44,31,065,2110,248,2178,269,4288,517
45,31,067,9878,830,10192,633,20070,1463
46,31,069,747,136,779,120,1526,256
47,31,071,836,100,877,85,1713,185
48,31,073,848,93,915,82,1763,175
49,31,075,335,57,338,39,673,96
50,31,077,1122,103,1098,120,2220,223
51,31,079,25029,4904,25624,4458,50653,9362
52,31,081,4189,305,4244,219,8433,524
53,31,083,1610,185,1423,187,3033,372
54,31,085,475,117,406,86,881,203
55,31,087,1261,194,1179,211,2440,405
56,31,089,4599,482,4691,461,9290,943
57,31,091,286,32,310,26,596,58
58,31,093,2996,238,2953,140,5949,378
59,31,095,3352,253,3390,325,6742,578
60,31,097,1770,187,1845,212,3615,399
61,31,099,2928,277,2976,285,5904,562
62,31,101,3516,521,3500,547,7016,1068
63,31,103,342,26,319,24,661,50
64,31,105,1535,289,1542,296,3077,585
65,31,107,3614,462,3751,498,7365,960
66,31,109,129832,16174,135393,12304,265225,28478
67,31,111,15665,1904,15915,2019,31580,3923
68,31,113,360,51,406,33,766,84
69,31,115,246,26,257,19,503,45
70,31,117,219,4,206,4,425,8
71,31,119,15094,2026,15516,1830,30610,3856
72,31,121,3455,310,3494,402,6949,712
73,31,123,2065,358,2051,248,4116,606
74,31,125,1553,218,1588,183,3141,401
75,31,127,3100,292,3377,281,6477,573
76,31,129,1886,260,1979,184,3865,444
77,31,131,6900,821,7198,634,14098,1455
78,31,133,1107,261,1173,144,2280,405
79,31,135,1318,114,1322,129,2640,243
80,31,137,4142,364,4120,359,8262,723
81,31,139,3276,287,3320,167,6596,454
82,31,141,14472,1958,14421,1492,28893,3450
83,31,143,2359,222,2388,187,4747,409
84,31,145,4618,689,4948,430,9566,1119
85,31,147,3711,319,3732,284,7443,603
86,31,149,582,89,567,127,1149,216
87,31,151,6427,857,6226,541,12653,1398
88,31,153,75886,5603,78430,5281,154316,10884
89,31,155,9715,720,9515,664,19230,1384
90,31,157,14776,2704,16164,2443,30940,5147
91,31,159,8006,588,7718,420,15724,1008
92,31,161,2185,372,2285,353,4470,725
93,31,163,1379,133,1430,107,2809,240
94,31,165,574,77,549,49,1123,126
95,31,167,2751,281,2725,310,5476,591
96,31,169,2339,159,2405,125,4744,284
97,31,171,315,41,297,22,612,63
98,31,173,2351,1050,2548,941,4899,1991
99,31,175,1869,232,1919,190,3788,422
100,31,177,9329,588,9285,867,18614,1455
101,31,179,4472,365,4203,345,8675,710
102,31,181,1593,163,1667,187,3260,350
103,31,183,399,33,375,40,774,73
104,31,185,6087,621,6010,538,12097,1159
12,33,001,25364,3734,27430,3127,52794,6861
13,33,003,19928,3653,20392,3124,40320,6777
14,33,005,32472,4282,35847,3084,68319,7366
15,33,007,13183,1853,13622,1713,26805,3566
16,33,009,38402,5228,40032,4836,78434,10064
17,33,011,178942,19692,185709,15685,364651,35377
18,33,013,63596,6756,68239,5583,131835,12339
19,33,015,134871,11591,140369,10100,275240,21691
20,33,017,53304,6948,57377,6285,110681,13233
21,33,019,18333,2630,19593,2148,37926,4778
7,34,001,112340,19078,124944,16097,237284,35175
8,34,003,391824,53563,426933,48157,818757,101720
9,34,005,192963,16726,213627,12770,406590,29496
10,34,007,212875,31229,239130,23082,452005,54311
11,34,009,40486,4651,44888,3602,85374,8253
12,34,011,59423,10828,66601,8609,126024,19437
13,34,013,303430,68533,350254,57907,653684,126440
14,34,015,128535,11903,138803,9679,267338,21582
15,34,017,258423,69020,272486,59125,530909,128145
16,34,019,56714,3170,60109,2305,116823,5475
17,34,021,154154,21815,171281,15938,325435,37753
18,34,023,350206,51055,376132,43310,726338,94365
19,34,025,273118,31154,295155,25547,568273,56701
20,34,027,222190,19830,235146,17038,457336,36868
21,34,029,251605,26431,277128,22954,528733,49385
22,34,031,199460,45684,221524,37168,420984,82852
23,34,033,27515,3442,30248,2723,57763,6165
24,34,035,145888,13951,155658,12324,301546,26275
25,34,037,65217,6547,67862,4954,133079,11501
26,34,039,220599,44217,241572,37837,462171,82054
27,34,041,46651,4979,50057,4518,96708,9497
12,35,001,272940,52028,296915,44601,569855,96629
13,35,003,1528,367,1451,228,2979,595
14,35,005,26078,5891,27592,5260,53670,11151
15,35,006,9819,2968,10636,2213,20455,5181
16,35,007,5246,879,5714,702,10960,1581
17,35,009,19743,4372,20736,3137,40479,7509
18,35,011,751,141,1002,101,1753,242
19,35,013,83656,18726,90314,17907,173970,36633
20,35,015,23842,4068,23388,3791,47230,7859
21,35,017,12900,1315,13334,1189,26234,2504
22,35,019,1815,209,1748,150,3563,359
23,35,021,274,17,246,27,520,44
24,35,023,1879,352,1862,430,3741,782
25,35,025,27173,6335,26439,6606,53612,12941
26,35,027,8397,1373,8737,1283,17134,2656
27,35,028,8611,523,8183,510,16794,1033
28,35,029,9539,2561,10103,2219,19642,4780
29,35,031,23399,12014,26997,11227,50396,23241
30,35,033,1699,527,2067,367,3766,894
31,35,035,24419,4996,26535,4567,50954,9563
32,35,037,3576,613,4109,365,7685,978
33,35,039,15072,4355,16670,3586,31742,7941
34,35,041,7984,1736,8234,1470,16218,3206
35,35,043,57383,9182,61538,7749,118921,16931
36,35,045,46708,14508,50124,12443,96832,26951
37,35,047,11235,2535,11977,2358,23212,4893
38,35,049,56164,13908,63236,11977,119400,25885
39,35,051,4718,973,5002,681,9720,1654
40,35,053,7482,1584,7246,1080,14728,2664
41,35,055,13285,2640,14135,2679,27420,5319
42,35,057,5959,1566,6662,909,12621,2475
43,35,059,1427,400,1549,346,2976,746
44,35,061,30560,6254,33613,4273,64173,10527
12,32,001,9756,1871,9845,1873,19601,3744
13,32,003,799278,201993,830625,180211,1629903,382204
14,32,005,19911,3602,20431,2952,40342,6554
15,32,007,22496,3962,20493,3991,42989,7953
16,32,009,387,128,475,146,862,274
17,32,011,652,140,732,140,1384,280
18,32,013,7339,1429,6497,1574,13836,3003
19,32,015,2775,447,2096,590,4871,1037
20,32,017,2095,415,1919,390,4014,805
21,32,019,21106,4645,21605,3982,42711,8627
22,32,021,1926,446,1816,296,3742,742
23,32,023,17457,3427,17963,3405,35420,6832
24,32,027,1995,525,1846,413,3841,938
25,32,029,1493,376,1826,210,3319,586
26,32,031,176960,39625,183055,32403,360015,72028
27,32,033,3873,526,3532,731,7405,1257
28,32,510,21461,4907,22411,3802,43872,8709
12,36,001,136092,11096,149544,7079,285636,18175
13,36,003,21718,2411,21566,1902,43284,4313
14,36,005,546151,112171,667792,79977,1213943,192148
15,36,007,87879,8190,93618,5438,181497,13628
16,36,009,34324,4389,35911,3604,70235,7993
17,36,011,34015,3875,35593,2514,69608,6389
18,36,013,58267,5797,61793,4155,120060,9952
19,36,015,37175,2867,41183,2753,78358,5620
20,36,017,21882,2543,22703,1852,44585,4395
21,36,019,35166,2815,37281,1930,72447,4745
22,36,021,27711,2424,28700,1636,56411,4060
23,36,023,21754,1994,23643,1182,45397,3176
24,36,025,21050,2238,21095,1983,42145,4221
25,36,027,128932,12845,138223,9320,267155,22165
26,36,029,407808,30636,449962,21593,857770,52229
27,36,031,16571,1724,17184,1210,33755,2934
28,36,033,20904,2679,20771,2095,41675,4774
29,36,035,23688,2953,25023,2103,48711,5056
30,36,037,26500,2833,27875,1715,54375,4548
31,36,039,20501,1739,21459,1697,41960,3436
32,36,041,2029,353,2217,137,4246,490
33,36,043,27782,3525,30157,1908,57939,5433
34,36,045,45675,4905,52114,3727,97789,8632
35,36,047,1049003,174172,1225395,136478,2274398,310650
36,36,049,12000,1526,12111,1135,24111,2661
37,36,051,28323,2011,30406,1597,58729,3608
38,36,053,32642,2656,35019,1471,67661,4127
39,36,055,332340,26459,364808,18562,697148,45021
40,36,057,21624,2545,23046,1810,44670,4355
41,36,059,595139,56534,648611,44182,1243750,100716
42,36,061,681115,82373,793398,61737,1474513,144110
43,36,063,95704,7556,103074,5711,198778,13267
44,36,065,101852,8753,109110,6067,210962,14820
45,36,067,205440,17840,226524,13226,431964,31066
46,36,069,48533,4413,52278,2959,100811,7372
47,36,071,163553,16726,173191,12204,336744,28930
48,36,073,17756,1951,18283,1388,36039,3339
49,36,075,54654,5561,56407,3777,111061,9338
50,36,077,26884,2673,29350,1834,56234,4507
51,36,079,45157,4059,46074,3540,91231,7599
52,36,081,908912,199532,1019688,158193,1928600,357725
53,36,083,72733,5474,76458,3465,149191,8939
54,36,085,207045,19813,227781,13987,434826,33800
55,36,087,140580,15354,149776,12368,290356,27722
56,36,089,47996,6068,50035,4289,98031,10357
57,36,091,101757,6317,107942,4428,209699,10745
58,36,093,68218,6160,74298,4396,142516,10556
59,36,095,14353,1482,15212,754,29565,2236
60,36,097,7916,1114,8390,669,16306,1783
61,36,099,14250,1859,14865,1491,29115,3350
62,36,101,43195,5104,45215,3995,88410,9099
63,36,103,658711,72441,702061,52982,1360772,125423
64,36,105,32306,4817,33861,3063,66167,7880
65,36,107,22472,2139,23751,1473,46223,3612
66,36,109,47132,3403,50126,2334,97258,5737
67,36,111,77152,9528,83276,7023,160428,16551
68,36,113,28599,3065,30686,2238,59285,5303
69,36,115,26765,3041,27667,2246,54432,5287
70,36,117,40840,4148,42943,3420,83783,7568
71,36,119,407309,52745,455397,38864,862706,91609
72,36,121,17208,1597,17779,1163,34987,2760
73,36,123,9630,2453,10188,2558,19818,5011
12,39,001,11652,2202,12190,1922,23842,4124
13,39,003,44827,6106,47505,4170,92332,10276
14,39,005,22362,3470,23713,3127,46075,6597
15,39,007,41075,6662,43352,5542,84427,12204
16,39,009,29257,2799,29877,2350,59134,5149
17,39,011,21176,1386,21370,1430,42546,2816
18,39,013,28812,3352,30819,2786,59631,6138
19,39,015,18406,3112,19983,2198,38389,5310
20,39,017,163145,17748,173128,15304,336273,33052
21,39,019,12116,1990,12340,1632,24456,3622
22,39,021,17416,1966,18175,1353,35591,3319
23,39,023,58470,6984,63812,5794,122282,12778
24,39,025,88894,9365,92534,8239,181428,17604
25,39,027,18135,2474,19000,1970,37135,4444
26,39,029,44011,6434,46550,5526,90561,11960
27,39,031,15556,2590,15536,2660,31092,5250
28,39,033,18546,2003,19625,2020,38171,4023
29,39,035,526859,66437,601157,53215,1128016,119652
30,39,037,22865,2645,24022,2213,46887,4858
31,39,039,16977,2192,17511,1679,34488,3871
32,39,041,86544,4668,89842,3441,176386,8109
33,39,043,32644,4193,35368,3004,68012,7197
34,39,045,66091,5886,69770,4743,135861,10629
35,39,047,12093,1818,12750,1609,24843,3427
36,39,049,511117,77423,557121,62162,1068238,139585
37,39,051,19523,1367,20214,999,39737,2366
38,39,053,12476,2209,13705,1756,26181,3965
39,39,055,40116,5896,42688,4557,82804,10453
40,39,057,71331,6600,77789,4516,149120,11116
41,39,059,16774,2444,18074,1851,34848,4295
42,39,061,339523,43509,380210,32950,719733,76459
43,39,063,33307,3300,35026,2975,68333,6275
44,39,065,13877,1873,13905,1877,27782,3750
45,39,067,6814,776,6933,858,13747,1634
46,39,069,12487,1198,13137,831,25624,2029
47,39,071,18337,2813,18763,2841,37100,5654
48,39,073,12117,1860,12703,1551,24820,3411
49,39,075,12699,8654,12058,9249,24757,17903
50,39,077,25591,3298,27087,2445,52678,5743
51,39,079,13973,1942,14869,1741,28842,3683
52,39,081,29123,3514,31757,2923,60880,6437
53,39,083,25850,3783,27262,3531,53112,7314
54,39,085,101515,9739,107925,8200,209440,17939
55,39,087,26399,3593,28448,2803,54847,6396
56,39,089,74195,7804,77981,7386,152176,15190
57,39,091,19176,3129,20589,2276,39765,5405
58,39,093,130768,13366,141653,10783,272421,24149
59,39,095,183219,25409,203622,18716,386841,44125
60,39,097,16709,2312,18209,1293,34918,3605
61,39,099,98779,11550,109376,9338,208155,20888
62,39,101,25849,3294,27630,3027,53479,6321
63,39,103,79425,6220,82372,5707,161797,11927
64,39,105,9951,1527,10483,1304,20434,2831
65,39,107,18786,1591,18863,1252,37649,2843
66,39,109,45696,4834,48031,4148,93727,8982
67,39,111,6389,842,6423,747,12812,1589
68,39,113,221306,31005,249399,23700,470705,54705
69,39,115,6195,1159,6417,954,12612,2113
70,39,117,15638,1728,15715,1616,31353,3344
71,39,119,36412,4893,39884,3967,76296,8860
72,39,121,5243,646,5432,657,10675,1303
73,39,123,18685,1501,19028,1519,37713,3020
74,39,125,8635,838,8773,817,17408,1655
75,39,127,16107,1826,15993,1823,32100,3649
76,39,129,23689,2254,24408,2016,48097,4270
77,39,131,11707,2310,12640,1357,24347,3667
78,39,133,71543,7060,75801,6452,147344,13512
79,39,135,18511,2018,18795,2029,37306,4047
80,39,137,16179,831,16121,790,32300,1621
81,39,139,49703,6482,53371,6270,103074,12752
82,39,141,31008,4216,33149,3191,64157,7407
83,39,143,26820,2648,27470,2397,54290,5045
84,39,145,31964,4628,34529,4037,66493,8665
85,39,147,25100,2377,25497,1961,50597,4338
86,39,149,22360,2057,22913,1377,45273,3434
87,39,151,161717,18295,175145,15018,336862,33313
88,39,153,232858,27322,255090,21505,487948,48827
89,39,155,85163,12942,94128,10463,179291,23405
90,39,157,39847,5517,41619,4711,81466,10228
91,39,159,23304,1945,23504,1475,46808,3420
92,39,161,12572,1307,13315,1101,25887,2408
93,39,163,5730,896,5921,614,11651,1510
94,39,165,98462,6599,103216,5654,201678,12253
95,39,167,26597,3277,28123,2685,54720,5962
96,39,169,48314,8351,49904,7723,98218,16074
97,39,171,16155,1681,17156,1254,33311,2935
98,39,173,58179,4587,61220,3660,119399,8247
99,39,175,9865,1105,10393,840,20258,1945
12,40,001,7818,3227,8131,2961,15949,6188
13,40,003,2091,355,1982,294,4073,649
14,40,005,4620,1271,5148,1433,9768,2704
15,40,007,2319,347,2318,467,4637,814
16,40,009,9006,1957,8870,1800,17876,3757
17,40,011,3144,469,3941,527,7085,996
18,40,013,16794,4402,18231,4136,35025,8538
19,40,015,10739,3495,10819,3197,21558,6692
20,40,017,54096,6921,57233,6067,111329,12988
21,40,019,18995,4017,20961,3842,39956,7859
22,40,021,18034,5459,18325,5702,36359,11161
23,40,023,5331,1895,5919,1797,11250,3692
24,40,025,950,204,996,168,1946,372
25,40,027,113205,16326,119149,14496,232354,30822
26,40,029,2095,743,2242,666,4337,1409
27,40,031,44938,8863,50108,8306,95046,17169
28,40,033,2377,585,2497,531,4874,1116
29,40,035,5675,1233,5666,1430,11341,2663
30,40,037,28847,5822,29842,5449,58689,11271
31,40,039,11710,2539,11990,2291,23700,4830
32,40,041,16145,4162,16743,3980,32888,8142
33,40,043,2008,415,2034,302,4042,717
34,40,045,1793,244,1874,184,3667,428
35,40,047,24926,4571,26885,3714,51811,8285
36,40,049,11088,2352,11481,2294,22569,4646
37,40,051,22055,4218,22808,3956,44863,8174
38,40,053,2010,177,1982,270,3992,447
39,40,055,2078,458,2015,490,4093,948
40,40,057,1104,235,1257,164,2361,399
41,40,059,1568,307,1643,232,3211,539
42,40,061,4857,1485,4929,1510,9786,2995
43,40,063,4591,1275,4939,1300,9530,2575
44,40,065,9811,1887,10682,2080,20493,3967
45,40,067,2425,695,2433,636,4858,1331
46,40,069,4257,1055,4298,1292,8555,2347
47,40,071,18064,4099,19228,3530,37292,7629
48,40,073,6676,903,6395,1169,13071,2072
49,40,075,3787,676,3804,836,7591,1512
50,40,077,4119,1194,4221,1032,8340,2226
51,40,079,18447,5735,19478,5085,37925,10820
52,40,081,14153,2800,14337,2813,28490,5613
53,40,083,18313,3563,19275,2987,37588,6550
54,40,085,3860,847,4177,694,8037,1541
55,40,087,15556,2496,15845,2338,31401,4834
56,40,089,12335,3672,12912,3806,25247,7478
57,40,091,7958,1904,8188,1922,16146,3826
58,40,093,3355,473,3344,464,6699,937
59,40,095,6309,1554,6322,1597,12631,3151
60,40,097,15800,4325,16888,3557,32688,7882
61,40,099,5264,1276,5525,1259,10789,2535
62,40,101,25770,6904,27841,6878,53611,13782
63,40,103,4961,617,5314,514,10275,1131
64,40,105,4128,968,4379,876,8507,1844
65,40,107,4562,1234,4333,1219,8895,2453
66,40,109,290614,69706,319677,62086,610291,131792
67,40,111,15883,3339,16422,3157,32305,6496
68,40,113,19240,3500,20344,3542,39584,7042
69,40,115,12486,3031,13216,2909,25702,5940
70,40,117,6814,1378,6761,1390,13575,2768
71,40,119,33802,5931,33833,4760,67635,10691
72,40,121,17011,4194,17701,4141,34712,8335
73,40,123,14501,3790,15928,3381,30429,7171
74,40,125,27591,5917,29672,5679,57263,11596
75,40,127,4053,1387,4462,1195,8515,2582
76,40,129,1630,235,1652,240,3282,475
77,40,131,38004,5648,39145,5424,77149,11072
78,40,133,9442,2759,10115,2725,19557,5484
79,40,135,15333,4912,16477,4370,31810,9282
80,40,137,18163,3303,19398,3340,37561,6643
81,40,139,8757,2504,8372,1825,17129,4329
82,40,141,2957,668,3127,598,6084,1266
83,40,143,247089,54017,268472,48606,515561,102623
84,40,145,31523,5502,33066,4991,64589,10493
85,40,147,20860,3976,22595,3927,43455,7903
86,40,149,5025,707,5024,670,10049,1377
87,40,151,3677,585,3657,402,7334,987
88,40,153,9307,902,8779,978,18086,1880
12,41,001,6847,845,6962,883,13809,1728
13,41,003,39465,3980,39520,3280,78985,7260
14,41,005,171023,19794,179518,17540,350541,37334
15,41,007,15177,2761,16376,2292,31553,5053
16,41,009,21777,2706,22015,2569,43792,5275
17,41,011,25506,4579,27783,3960,53289,8539
18,41,013,9015,1309,9178,1372,18193,2681
19,41,015,9356,1432,10131,1275,19487,2707
20,41,017,69387,12338,72618,11600,142005,23938
21,41,019,45725,6764,48143,5915,93868,12679
22,41,021,754,177,787,152,1541,329
23,41,023,3005,487,3207,443,6212,930
24,41,025,3115,433,3168,407,6283,840
25,41,027,9311,1994,9671,1692,18982,3686
26,41,029,84534,16280,92282,14188,176816,30468
27,41,031,8583,2016,8962,1739,17545,3755
28,41,033,34548,5828,37702,4663,72250,10491
29,41,035,28026,4452,28850,4124,56876,8576
30,41,037,3203,540,3147,471,6350,1011
31,41,039,150317,24192,161782,19249,312099,43441
32,41,041,18568,3765,20081,3652,38649,7417
33,41,043,50776,7628,53255,6574,104031,14202
34,41,045,11227,2206,11663,2105,22890,4311
35,41,047,131443,24315,141525,20041,272968,44356
36,41,049,5057,741,4632,766,9689,1507
37,41,051,323119,53210,345432,41447,668551,94657
38,41,053,32708,4268,36242,3666,68950,7934
39,41,055,704,199,766,126,1470,325
40,41,057,10705,1559,10946,1557,21651,3116
41,41,059,30466,5561,31784,4760,62250,10321
42,41,061,10846,1648,11547,1416,22393,3064
43,41,063,2903,428,3121,311,6024,739
44,41,065,10397,1964,11059,1641,21456,3605
45,41,067,238347,34065,251792,28520,490139,62585
46,41,069,609,40,614,76,1223,116
47,41,071,42081,6619,45550,4735,87631,11354
12,42,001,45267,4419,46924,3839,92191,8258
13,42,003,536490,48058,596998,35491,1133488,83549
14,42,005,30637,2828,31315,2661,61952,5489
15,42,007,75565,5976,81562,5378,157127,11354
16,42,009,21515,2699,21871,2457,43386,5156
17,42,011,179872,20953,191095,17231,370967,38184
18,42,013,55111,5728,59618,4406,114729,10134
19,42,015,26927,3428,28330,2923,55257,6351
20,42,017,283543,20263,300110,16531,583653,36794
21,42,019,84451,5945,88136,5118,172587,11063
22,42,021,59888,5256,65635,4046,125523,9302
23,42,023,2224,193,2302,105,4526,298
24,42,025,28504,2939,29761,2620,58265,5559
25,42,027,73881,5854,70268,4384,144149,10238
26,42,029,226928,20920,240899,16180,467827,37100
27,42,031,16960,2041,18309,1721,35269,3762
28,42,033,33960,3682,35154,3195,69114,6877
29,42,035,16748,2119,18306,1834,35054,3953
30,42,037,29360,2388,32437,1957,61797,4345
31,42,039,36696,5586,38231,5244,74927,10830
32,42,041,105040,9174,113648,7226,218688,16400
33,42,043,115148,13772,127773,11033,242921,24805
34,42,045,241202,23418,269945,19730,511147,43148
35,42,047,14208,1204,14844,791,29052,1995
36,42,049,121595,12453,131087,9475,252682,21928
37,42,051,57134,6460,62630,5263,119764,11723
38,42,053,1618,95,1800,156,3418,251
39,42,055,63891,10065,68419,8597,132310,18662
40,42,057,6665,725,6698,562,13363,1287
41,42,059,14997,1423,16705,1409,31702,2832
42,42,061,18556,2031,19914,1550,38470,3581
43,42,063,37802,5238,38940,4362,76742,9600
44,42,065,19527,2451,19928,2305,39455,4756
45,42,067,10386,1917,10615,1643,21001,3560
46,42,069,91401,9669,101629,6991,193030,16660
47,42,071,221257,34798,235699,31456,456956,66254
48,42,073,38993,3672,41997,3459,80990,7131
49,42,075,57116,8512,61657,6814,118773,15326
50,42,077,151765,19454,165135,15567,316900,35021
51,42,079,137597,14632,148186,11958,285783,26590
52,42,081,51054,5422,52534,4512,103588,9934
53,42,083,18718,1718,18801,1542,37519,3260
54,42,085,48461,5240,53276,4406,101737,9646
55,42,087,19174,3604,20046,3293,39220,6897
56,42,089,71747,10430,76082,8624,147829,19054
57,42,091,361453,25180,392043,20908,753496,46088
58,42,093,7936,723,8717,523,16653,1246
59,42,095,132436,12987,141524,9699,273960,22686
60,42,097,39185,4548,41667,4065,80852,8613
61,42,099,19945,2762,20190,2275,40135,5037
62,42,101,612194,114397,726984,87190,1339178,201587
63,42,103,25086,2848,25903,2381,50989,5229
64,42,105,7682,900,7666,898,15348,1798
65,42,107,61870,6938,64964,5868,126834,12806
66,42,109,16547,3112,17299,2766,33846,5878
67,42,111,32134,3445,33368,2942,65502,6387
68,42,113,2854,366,2758,213,5612,579
69,42,115,18579,2615,18736,2134,37315,4749
70,42,117,18480,2352,18945,2094,37425,4446
71,42,119,17003,2494,17874,2024,34877,4518
72,42,121,23455,2613,25029,2049,48484,4662
73,42,123,18265,1861,18589,1539,36854,3400
74,42,125,93215,7837,99622,5900,192837,13737
75,42,127,21793,2342,22210,1717,44003,4059
76,42,129,161502,12108,173372,9949,334874,22057
77,42,131,12674,1311,12815,1103,25489,2414
78,42,133,193984,20254,205039,15547,399023,35801
7,44,001,21668,1527,23909,1403,45577,2930
8,44,003,73271,5936,79937,4404,153208,10340
9,44,005,34929,3532,38696,2747,73625,6279
10,44,007,259880,39761,291105,29863,550985,69624
11,44,009,56838,3949,61538,3037,118376,6986
12,45,001,10557,1616,11107,1521,21664,3137
13,45,003,66457,11763,73660,10259,140117,22022
14,45,005,3288,870,3874,725,7162,1595
15,45,007,77981,13678,84828,13434,162809,27112
16,45,009,5833,1422,6560,1456,12393,2878
17,45,011,8393,1764,10059,1590,18452,3354
18,45,013,65203,13044,74251,11394,139454,24438
19,45,015,76790,14687,82601,13959,159391,28646
20,45,017,5943,1245,6540,1110,12483,2355
21,45,019,147518,27588,165993,24784,313511,52372
22,45,021,22852,4085,24214,4363,47066,8448
23,45,023,13333,2418,14555,2043,27888,4461
24,45,025,18061,4230,20021,3415,38082,7645
25,45,027,12476,2754,14807,2550,27283,5304
26,45,029,13977,3684,16615,3138,30592,6822
27,45,031,26494,5130,30063,5479,56557,10609
28,45,033,11823,2818,13869,2550,25692,5368
29,45,035,58873,9427,65555,8997,124428,18424
30,45,037,10071,1561,10803,1356,20874,2917
31,45,039,8822,2045,10276,1634,19098,3679
32,45,041,54653,9130,64203,8756,118856,17886
33,45,043,23043,5322,25907,5666,48950,10988
34,45,045,191418,36038,210433,32540,401851,68578
35,45,047,26455,5937,30943,5161,57398,11098
36,45,049,7981,1277,8585,1251,16566,2528
37,45,051,110502,30159,122928,25877,233430,56036
38,45,053,9645,3107,10827,2293,20472,5400
39,45,055,25576,4545,27680,4370,53256,8915
40,45,057,31574,6691,35660,5498,67234,12189
41,45,059,26436,5237,28520,5001,54956,10238
42,45,061,6869,1249,7676,1059,14545,2308
43,45,063,113462,18221,123168,15916,236630,34137
44,45,065,3739,490,4037,355,7776,845
45,45,067,11895,2774,14719,2576,26614,5350
46,45,069,9909,2000,11330,1652,21239,3652
47,45,071,15554,2451,17302,1876,32856,4327
48,45,073,30610,5988,32900,4886,63510,10874
49,45,075,33986,8236,40299,7329,74285,15565
50,45,077,51713,7705,52787,7184,104500,14889
51,45,079,151728,23127,176936,21861,328664,44988
52,45,081,7809,2323,8061,1629,15870,3952
53,45,083,116394,21970,128890,19821,245284,41791
54,45,085,41053,7699,47931,7265,88984,14964
55,45,087,11273,1890,12828,1661,24101,3551
56,45,089,11827,2608,14320,2656,26147,5264
57,45,091,100411,14632,109930,13654,210341,28286
12,46,003,1228,120,1171,92,2399,212
13,46,005,8284,702,7876,999,16160,1701
14,46,007,1209,437,1419,333,2628,770
15,46,009,2563,127,2707,185,5270,312
16,46,011,15337,1441,14945,1191,30282,2632
17,46,013,16936,1375,17705,1494,34641,2869
18,46,015,2230,329,2358,273,4588,602
19,46,017,498,529,542,469,1040,998
20,46,019,4029,966,4329,836,8358,1802
21,46,021,702,29,757,60,1459,89
22,46,023,3578,909,3650,869,7228,1778
23,46,025,1657,175,1603,126,3260,301
24,46,027,6070,851,6226,656,12296,1507
25,46,029,12669,1152,12462,1165,25131,2317
26,46,031,1558,565,1619,407,3177,972
27,46,033,3586,437,3623,442,7209,879
28,46,035,8778,1039,9135,456,17913,1495
29,46,037,2426,334,2393,305,4819,639
30,46,039,2086,138,1909,140,3995,278
31,46,041,1728,959,1860,987,3588,1946
32,46,043,1168,245,1283,181,2451,426
33,46,045,1770,142,1888,97,3658,239
34,46,047,2999,348,3005,351,6004,699
35,46,049,1135,88,1011,70,2146,158
36,46,051,3334,406,3284,156,6618,562
37,46,053,1909,213,1848,206,3757,419
38,46,055,938,104,924,78,1862,182
39,46,057,2741,245,2698,157,5439,402
40,46,059,1529,163,1557,71,3086,234
41,46,061,1601,123,1553,106,3154,229
42,46,063,612,57,586,50,1198,107
43,46,065,7561,789,7576,567,15137,1356
44,46,067,3235,294,3261,193,6496,487
45,46,069,644,56,600,76,1244,132
46,46,071,1213,368,1242,371,2455,739
47,46,073,877,76,983,54,1860,130
48,46,075,326,64,332,59,658,123
49,46,077,2374,181,2323,141,4697,322
50,46,079,5612,476,5438,410,11050,886
51,46,081,10268,1828,10732,1570,21000,3398
52,46,083,23479,1225,23552,1339,47031,2564
53,46,085,1540,469,1464,342,3004,811
54,46,087,2512,236,2556,160,5068,396
55,46,089,935,208,971,61,1906,269
56,46,091,2212,202,1946,276,4158,478
57,46,093,11335,1390,10920,1420,22255,2810
58,46,095,733,290,867,162,1600,452
59,46,097,1070,81,1019,94,2089,175
60,46,099,78600,9208,81047,7340,159647,16548
61,46,101,2765,439,2955,224,5720,663
62,46,102,3849,2948,5023,2313,8872,5261
63,46,103,44048,6865,45946,6281,89994,13146
64,46,105,1314,183,1308,131,2622,314
65,46,107,1000,78,1059,94,2059,172
66,46,109,4011,1062,4127,920,8138,1982
67,46,111,1130,77,1005,73,2135,150
68,46,115,3000,267,2865,288,5865,555
69,46,117,1328,167,1350,117,2678,284
70,46,119,712,111,600,46,1312,157
71,46,121,3268,1556,3624,1455,6892,3011
72,46,123,2333,379,2383,265,4716,644
73,46,125,3818,305,3733,289,7551,594
74,46,127,6911,503,6929,379,13840,882
75,46,129,2297,304,2438,278,4735,582
76,46,135,9303,1212,9798,833,19101,2045
77,46,137,958,433,1131,311,2089,744
12,47,001,31601,4647,34889,3459,66490,8106
13,47,003,18606,3862,20181,2944,38787,6806
14,47,005,6716,1206,6888,1290,13604,2496
15,47,007,5313,1192,5129,829,10442,2021
16,47,009,52291,7725,57700,6300,109991,14025
17,47,011,41416,7723,45811,6183,87227,13906
18,47,013,16363,2910,18002,2375,34365,5285
19,47,015,5791,915,6198,715,11989,1630
20,47,017,11861,1745,12746,1520,24607,3265
21,47,019,22671,4536,24963,3704,47634,8240
22,47,021,16596,2798,17778,1931,34374,4729
23,47,023,6992,1252,7753,1251,14745,2503
24,47,025,13480,1832,14369,1537,27849,3369
25,47,027,3289,504,3422,472,6711,976
26,47,029,14340,2761,15175,2755,29515,5516
27,47,031,21912,3746,23965,3245,45877,6991
28,47,033,5490,1360,6572,965,12062,2325
29,47,035,23269,4419,25675,3444,48944,7863
30,47,037,257116,55169,294365,43931,551481,99100
31,47,039,4817,783,5231,628,10048,1411
32,47,041,7851,1534,8119,1287,15970,2821
33,47,043,21205,3245,22550,2955,43755,6200
34,47,045,16136,1960,17505,1914,33641,3874
35,47,047,16771,2081,17849,1678,34620,3759
36,47,049,7050,1592,7986,1068,15036,2660
37,47,051,17691,2152,18771,2174,36462,4326
38,47,053,19759,3175,22788,2799,42547,5974
39,47,055,11866,2083,13097,1514,24963,3597
40,47,057,9876,1399,10088,1227,19964,2626
41,47,059,27714,5087,30385,4211,58099,9298
42,47,061,5078,1516,5653,1091,10731,2607
43,47,063,24472,5810,27420,4556,51892,10366
44,47,065,143730,21800,161207,17627,304937,39427
45,47,067,2707,442,2959,371,5666,813
46,47,069,9478,1499,10360,1465,19838,2964
47,47,071,10421,2093,11258,1736,21679,3829
48,47,073,23655,3800,26009,2563,49664,6363
49,47,075,6982,1432,8640,961,15622,2393
50,47,077,11764,1556,12878,1541,24642,3097
51,47,079,13056,2240,14504,1927,27560,4167
52,47,081,9243,2136,9564,1870,18807,4006
53,47,083,3525,482,3603,487,7128,969
54,47,085,7632,1281,8283,831,15915,2112
55,47,087,4755,970,4997,596,9752,1566
56,47,089,22099,3314,23371,2941,45470,6255
57,47,091,6761,1094,7420,917,14181,2011
58,47,093,188715,25474,205163,21468,393878,46942
59,47,095,1964,378,2389,250,4353,628
60,47,097,9660,1851,11096,1950,20756,3801
61,47,099,16920,3586,17705,3572,34625,7158
62,47,101,5069,822,4928,891,9997,1713
63,47,103,14055,2213,15084,1824,29139,4037
64,47,105,21340,2980,22655,2853,43995,5833
65,47,107,21366,3828,23727,2762,45093,6590
66,47,109,10633,1884,11543,1691,22176,3575
67,47,111,9374,1653,10107,1307,19481,2960
68,47,113,39539,6281,45874,5340,85413,11621
69,47,115,11793,1866,12648,1684,24441,3550
70,47,117,12891,2314,13708,1923,26599,4237
71,47,119,34469,5451,38701,4290,73170,9741
72,47,121,4855,816,5065,839,9920,1655
73,47,123,19103,3290,19523,2866,38626,6156
74,47,125,70256,10425,82598,9307,152854,19732
75,47,127,2754,284,2852,367,5606,651
76,47,129,7940,1055,8613,955,16553,2010
77,47,131,12513,2215,14041,1941,26554,4156
78,47,133,9276,1406,9830,1293,19106,2699
79,47,135,3169,731,3164,667,6333,1398
80,47,137,2078,391,2231,305,4309,696
81,47,139,7102,1098,7282,968,14384,2066
82,47,141,29982,5917,32553,4582,62535,10499
83,47,143,13770,2097,14544,1610,28314,3707
84,47,145,22459,3278,24188,2686,46647,5964
85,47,147,27866,4735,30884,3162,58750,7897
86,47,149,119135,18793,127230,15032,246365,33825
87,47,151,8916,1704,9606,1510,18522,3214
88,47,153,6370,702,6438,861,12808,1563
89,47,155,35661,9701,38995,8383,74656,18084
90,47,157,362755,75492,425842,61338,788597,136830
91,47,159,8337,1010,8590,954,16927,1964
92,47,161,5719,822,5829,726,11548,1548
93,47,163,64972,9918,71960,8207,136932,18125
94,47,165,72373,9532,78051,8131,150424,17663
95,47,167,25881,4018,27879,2992,53760,7010
96,47,169,3132,702,3604,304,6736,1006
97,47,171,7447,1353,7908,1026,15355,2379
98,47,173,8076,1337,8249,1273,16325,2610
99,47,175,2385,342,2324,444,4709,786
100,47,177,16252,3256,17765,2210,34017,5466
101,47,179,52464,7566,56336,7167,108800,14733
102,47,181,6169,1124,6540,956,12709,2080
103,47,183,14459,2122,15906,1468,30365,3590
104,47,185,10891,1717,11526,1711,22417,3428
105,47,187,91344,5695,96717,5137,188061,10832
106,47,189,52625,6781,56770,5281,109395,12062
12,48,001,18394,4247,18148,4112,36542,8359
13,48,003,7005,1505,6326,1847,13331,3352
14,48,005,32551,8647,36126,8248,68677,16895
15,48,007,9334,2419,9949,2164,19283,4583
16,48,009,3703,631,3866,508,7569,1139
17,48,011,835,119,837,87,1672,206
18,48,013,18670,4520,18867,4536,37537,9056
19,48,015,11830,2424,11973,2414,23803,4838
20,48,017,2577,1020,2319,1080,4896,2100
21,48,019,8362,1913,8601,1726,16963,3639
22,48,021,30120,7315,30045,7386,60165,14701
23,48,023,1359,397,1524,275,2883,672
24,48,025,9837,2439,9597,3215,19434,5654
25,48,027,122102,21650,138608,21336,260710,42986
26,48,029,708529,166188,762263,156662,1470792,322850
27,48,031,4327,1037,4158,1089,8485,2126
28,48,033,352,10,314,29,666,39
29,48,035,6862,1821,7135,1805,13997,3626
30,48,037,34412,7917,38080,7433,72492,15350
31,48,039,132481,26179,136174,26559,268655,52738
32,48,041,85232,16282,85931,13975,171163,30257
33,48,043,3454,921,3970,808,7424,1729
34,48,045,659,212,618,181,1277,393
35,48,047,2335,1150,2526,887,4861,2037
36,48,049,14557,3542,16086,2617,30643,6159
37,48,051,7037,1491,6762,1830,13799,3321
38,48,053,17966,3763,18362,3739,36328,7502
39,48,055,13968,4891,14535,4039,28503,8930
40,48,057,8824,1912,8892,1844,17716,3756
41,48,059,4976,1607,5360,1508,10336,3115
42,48,061,137295,62556,146719,68645,284014,131201
43,48,063,4688,1389,4971,1400,9659,2789
44,48,065,2499,411,2655,455,5154,866
45,48,067,11536,2986,12405,2993,23941,5979
46,48,069,2591,1412,2678,1177,5269,2589
47,48,071,15184,3360,15082,3420,30266,6780
48,48,073,19081,5260,19740,4874,38821,10134
49,48,075,2421,470,2582,350,5003,820
50,48,077,4461,766,4233,943,8694,1709
51,48,079,1002,497,1038,412,2040,909
52,48,081,1277,310,1282,252,2559,562
53,48,083,3084,1115,3194,1106,6278,2221
54,48,085,364117,57505,384036,53416,748153,110921
55,48,087,1119,351,1189,337,2308,688
56,48,089,8211,1852,8609,1745,16820,3597
57,48,091,49481,9194,51021,8970,100502,18164
58,48,093,4842,1755,5054,1778,9896,3533
59,48,095,1211,148,1081,245,2292,393
60,48,097,15879,2963,16252,3158,32131,6121
61,48,099,23726,2768,29019,3462,52745,6230
62,48,101,582,204,557,167,1139,371
63,48,103,1940,387,1840,469,3780,856
64,48,105,1499,308,1388,424,2887,732
65,48,107,2246,626,2210,834,4456,1460
66,48,109,881,231,916,255,1797,486
67,48,111,2899,819,2415,842,5314,1661
68,48,113,887696,324950,964891,287195,1852587,612145
69,48,115,4527,1246,4383,1466,8910,2712
70,48,117,7472,1901,7461,2224,14933,4125
71,48,119,2060,509,2158,425,4218,934
72,48,121,304587,52747,318578,51497,623165,104244
73,48,123,7634,1642,7941,1559,15575,3201
74,48,125,824,199,842,212,1666,411
75,48,127,3776,1372,4082,1357,7858,2729
76,48,129,1346,377,1596,221,2942,598
77,48,131,4007,1549,3919,1571,7926,3120
78,48,133,6769,2117,7380,1794,14149,3911
79,48,135,57129,17173,55289,18582,112418,35755
80,48,137,686,156,879,173,1565,329
81,48,139,62565,14337,64983,13907,127548,28244
82,48,141,283850,99022,317237,104788,601087,203810
83,48,143,15099,4392,15903,4153,31002,8545
84,48,145,5895,1842,6431,1364,12326,3206
85,48,147,12352,2745,13042,2688,25394,5433
86,48,149,10407,1766,10148,2107,20555,3873
87,48,151,1412,390,1642,390,3054,780
88,48,153,2239,772,2521,597,4760,1369
89,48,155,496,73,531,64,1027,137
90,48,157,270364,48895,285749,48185,556113,97080
91,48,159,4374,940,4210,961,8584,1901
92,48,161,7124,1715,7321,1907,14445,3622
93,48,163,6192,1524,5279,2060,11471,3584
94,48,165,6378,3133,6053,3244,12431,6377
95,48,167,124825,25166,129851,23892,254676,49058
96,48,169,1545,484,1668,457,3213,941
97,48,171,9971,2226,10717,2091,20688,4317
98,48,173,516,139,446,79,962,218
99,48,175,3155,413,3291,434,6446,847
100,48,177,7522,2441,7408,2512,14930,4953
101,48,179,8533,2177,8407,2220,16940,4397
102,48,181,47981,11386,51363,10713,99344,22099
103,48,183,46507,12687,50620,11455,97127,24142
104,48,185,9497,2198,9357,2658,18854,4856
105,48,187,58660,10828,61380,10367,120040,21195
106,48,189,12814,3663,13412,3543,26226,7206
107,48,191,1206,370,1129,440,2335,810
108,48,193,3075,826,3688,443,6763,1269
109,48,195,2276,489,2246,478,4522,967
110,48,197,1532,391,1712,345,3244,736
111,48,199,22225,4897,22861,4952,45086,9849
112,48,201,1618879,533586,1696701,486665,3315580,1020251
113,48,203,26040,6171,27465,6090,53505,12261
114,48,205,1984,342,1959,339,3943,681
115,48,207,2190,440,1988,403,4178,843
116,48,209,71610,15558,77014,11636,148624,27194
117,48,211,1552,448,1536,527,3088,975
118,48,213,29559,8648,32037,7881,61596,16529
119,48,215,257222,135536,272464,146125,529686,281661
120,48,217,13420,3402,13665,3769,27085,7171
121,48,219,8887,2518,9184,2584,18071,5102
122,48,221,21323,4472,22328,4299,43651,8771
123,48,223,13492,3928,13916,3871,27408,7799
124,48,225,7507,1746,8766,1747,16273,3493
125,48,227,12648,2774,12681,2779,25329,5553
126,48,229,1042,336,1171,410,2213,746
127,48,231,34231,8835,36106,8048,70337,16883
128,48,233,9028,1827,8766,2079,17794,3906
129,48,235,667,157,679,139,1346,296
130,48,237,3106,830,3066,731,6172,1561
131,48,239,5925,1003,6262,1059,12187,2062
132,48,241,13089,3502,14946,3329,28035,6831
133,48,243,852,206,801,310,1653,516
134,48,245,89861,26481,96227,26458,186088,52939
135,48,247,1827,803,2053,533,3880,1336
136,48,249,15575,4670,16196,4620,31771,9290
137,48,251,59557,16156,61348,15792,120905,31948
138,48,253,4378,973,5783,1398,10161,2371
139,48,255,5180,1052,5187,770,10367,1822
140,48,257,42193,10864,45071,10169,87264,21033
141,48,259,15599,2200,16888,2215,32487,4415
142,48,261,198,97,192,78,390,175
143,48,263,342,64,325,40,667,104
144,48,265,19403,4288,20616,4902,40019,9190
145,48,267,1637,572,1700,518,3337,1090
146,48,269,87,49,120,11,207,60
147,48,271,1293,445,1131,354,2424,799
148,48,273,12628,3469,11798,3467,24426,6936
149,48,275,1500,326,1457,384,2957,710
150,48,277,19257,4479,20227,4937,39484,9416
151,48,279,5326,1561,5166,1487,10492,3048
152,48,281,7621,1924,8352,1832,15973,3756
153,48,283,2213,983,2280,814,4493,1797
154,48,285,7766,1495,8471,1382,16237,2877
155,48,287,6798,1244,6613,1521,13411,2765
156,48,289,6688,1571,6745,1716,13433,3287
157,48,291,27695,8434,27444,7858,55139,16292
158,48,293,8344,3005,8787,2345,17131,5350
159,48,295,1508,341,1254,335,2762,676
160,48,297,4064,886,4176,1158,8240,2044
161,48,299,7598,1502,8376,1594,15974,3096
162,48,301,53,21,33,10,86,31
163,48,303,115181,25530,121041,24799,236222,50329
164,48,305,2195,677,2271,590,4466,1267
165,48,307,3306,740,3409,691,6715,1431
166,48,309,93849,21068,102138,20131,195987,41199
167,48,311,341,64,349,24,690,88
168,48,313,3731,850,4045,1023,7776,1873
169,48,315,3761,1077,4209,1053,7970,2130
170,48,317,1974,612,1847,754,3821,1366
171,48,319,1535,652,1463,407,2998,1059
172,48,321,13769,4128,14174,4112,27943,8240
173,48,323,18607,8661,18814,9758,37421,18419
174,48,325,18545,3569,19705,2956,38250,6525
175,48,327,751,290,844,250,1595,540
176,48,329,59415,15246,59879,15709,119294,30955
177,48,331,9871,1918,10224,1877,20095,3795
178,48,333,1887,288,2108,436,3995,724
179,48,335,2548,788,2835,570,5383,1358
180,48,337,7160,2262,7429,2328,14589,4590
181,48,339,203475,43375,212877,39838,416352,83213
182,48,341,9007,2403,8437,2236,17444,4639
183,48,343,4990,1057,5323,1189,10313,2246
184,48,345,387,209,356,119,743,328
185,48,347,24195,6779,26244,7459,50439,14238
186,48,349,18433,4787,18895,5267,37328,10054
187,48,351,5334,1736,5786,1018,11120,2754
188,48,353,6040,1512,5859,1464,11899,2976
189,48,355,135715,34184,144940,32292,280655,66476
190,48,357,4160,1228,3919,1275,8079,2503
191,48,359,661,100,780,96,1441,196
192,48,361,33263,7689,34818,6744,68081,14433
193,48,363,10384,3285,10729,3244,21113,6529
194,48,365,9312,2118,10013,2259,19325,4377
195,48,367,49667,9106,50821,9399,100488,18505
196,48,369,3800,1306,3758,1058,7558,2364
197,48,371,5464,1551,5490,1261,10954,2812
198,48,373,16766,4163,16862,4307,33628,8470
199,48,375,42602,14415,45405,13402,88007,27817
200,48,377,2424,1181,2368,1331,4792,2512
201,48,379,4399,1209,4318,1044,8717,2253
202,48,381,53379,8330,56164,8041,109543,16371
203,48,383,1249,595,1150,572,2399,1167
204,48,385,1270,354,1232,409,2502,763
205,48,387,4706,1311,5175,1168,9881,2479
206,48,389,4368,860,4883,1253,9251,2113
207,48,391,2911,661,2944,602,5855,1263
208,48,393,384,58,414,75,798,133
209,48,395,6344,1812,6681,1499,13025,3311
210,48,397,36281,5253,38024,5226,74305,10479
211,48,399,4146,935,4227,928,8373,1863
212,48,401,18852,5291,19359,5367,38211,10658
213,48,403,3777,1276,4130,1174,7907,2450
214,48,405,3122,964,3314,1087,6436,2051
215,48,407,10737,2597,10586,2956,21323,5553
216,48,409,25544,6973,26358,6379,51902,13352
217,48,411,2429,513,2000,298,4429,811
218,48,413,1188,394,1217,425,2405,819
219,48,415,6772,1109,6466,1407,13238,2516
220,48,417,1309,307,1413,304,2722,611
221,48,419,9184,3301,9996,3064,19180,6365
222,48,421,1143,410,1167,303,2310,713
223,48,423,82135,21568,91107,20424,173242,41992
224,48,425,3218,875,3453,874,6671,1749
225,48,427,18529,11332,20213,12022,38742,23354
226,48,429,3528,915,3147,1191,6675,2106
227,48,431,501,179,472,156,973,335
228,48,433,568,113,571,111,1139,224
229,48,435,1496,515,1329,601,2825,1116
230,48,437,2853,616,3068,567,5921,1183
231,48,439,739469,189027,793135,177419,1532604,366446
232,48,441,51598,10570,56226,11336,107824,21906
233,48,443,363,67,416,75,779,142
234,48,445,4344,1483,4434,1352,8778,2835
235,48,447,585,135,639,175,1224,310
236,48,449,12377,3575,12702,3605,25079,7180
237,48,451,43247,10045,46420,10234,89667,20279
238,48,453,454074,106121,467836,86190,921910,192311
239,48,455,5485,1489,5866,1491,11351,2980
240,48,457,7657,1696,8058,1627,15715,3323
241,48,459,16130,3570,16157,3745,32287,7315
242,48,461,1214,378,1316,439,2530,817
243,48,463,9925,3035,10651,2984,20576,6019
244,48,465,17516,5036,17926,5882,35442,10918
245,48,467,20005,5621,21102,5344,41107,10965
246,48,469,35369,8179,36915,8540,72284,16719
247,48,471,19845,3706,24287,4320,44132,8026
248,48,473,17736,5186,17510,5160,35246,10346
249,48,475,4602,906,4370,1217,8972,2123
250,48,477,13553,3285,14529,2211,28082,5496
251,48,479,85837,40609,91945,42511,177782,83120
252,48,481,15744,4348,16861,4001,32605,8349
253,48,483,2148,673,2094,633,4242,1306
254,48,485,45680,9621,51992,10046,97672,19667
255,48,487,5337,1132,5308,1217,10645,2349
256,48,489,6349,3273,6820,3070,13169,6343
257,48,491,199404,30976,211551,27780,410955,58756
258,48,493,19112,3384,19368,2993,38480,6377
259,48,495,2829,879,2766,995,5595,1874
260,48,497,24533,5501,24716,5520,49249,11021
261,48,499,16976,3633,17291,4003,34267,7636
262,48,501,3063,1048,3125,966,6188,2014
263,48,503,6888,2148,7086,1934,13974,4082
264,48,505,4838,2306,4663,2467,9501,4773
265,48,507,4441,1286,4639,1440,9080,2726
12,49,001,2849,421,2673,440,5522,861
13,49,003,23124,2303,23051,2112,46175,4415
14,49,005,51912,6142,53168,5493,105080,11635
15,49,007,8742,1467,9307,1195,18049,2662
16,49,009,290,10,335,16,625,26
17,49,011,145687,14662,147007,12969,292694,27631
18,49,013,8292,1519,8101,1535,16393,3054
19,49,015,4683,715,4601,677,9284,1392
20,49,017,1979,488,1917,457,3896,945
21,49,019,3426,1354,3470,1073,6896,2427
22,49,021,18610,4636,19409,4043,38019,8679
23,49,023,4438,868,4299,652,8737,1520
24,49,025,2577,854,3145,534,5722,1388
25,49,027,5162,1151,5142,975,10304,2126
26,49,029,4663,545,4527,511,9190,1056
27,49,031,793,191,691,151,1484,342
28,49,033,971,117,995,204,1966,321
29,49,035,451726,84207,463806,71201,915532,155408
30,49,037,5357,1973,5604,1951,10961,3924
31,49,039,10296,2052,11239,2099,21535,4151
32,49,041,8616,1742,8384,1772,17000,3514
33,49,043,17112,2404,16860,2021,33972,4425
34,49,045,27050,3351,27218,2768,54268,6119
35,49,047,14957,2986,14652,2753,29609,5739
36,49,049,242176,32950,241635,31570,483811,64520
37,49,051,11263,2016,11400,1808,22663,3824
38,49,053,59249,13064,62096,12364,121345,25428
39,49,055,1070,327,1076,231,2146,558
40,49,057,100971,16736,102594,15564,203565,32300
12,51,001,12900,2962,14094,2753,26994,5715
13,51,003,44260,4170,49034,4068,93294,8238
14,51,005,7093,703,7364,666,14457,1369
15,51,007,5483,971,5376,848,10859,1819
16,51,009,13171,2199,15012,1588,28183,3787
17,51,011,6642,713,6903,879,13545,1592
18,51,013,97738,11574,101234,9734,198972,21308
19,51,015,30103,3876,32697,3556,62800,7432
20,51,017,1919,287,1971,344,3890,631
21,51,019,33970,3323,35008,3726,68978,7049
22,51,021,2578,245,2649,255,5227,500
23,51,023,15366,893,15919,708,31285,1601
24,51,025,6129,1200,7046,841,13175,2041
25,51,027,9635,1386,10011,1414,19646,2800
26,51,029,6196,1305,6470,1069,12666,2374
27,51,031,22926,3396,25433,2771,48359,6167
28,51,033,11117,1658,12880,1543,23997,3201
29,51,035,12746,2169,12772,2031,25518,4200
30,51,036,3040,478,3211,366,6251,844
31,51,037,5037,994,5142,1002,10179,1996
32,51,041,140593,15440,154425,14959,295018,30399
33,51,043,6011,910,6253,930,12264,1840
34,51,045,2140,345,2461,249,4601,594
35,51,047,19760,3129,21227,2709,40987,5838
36,51,049,3922,1018,4156,763,8078,1781
37,51,051,6679,911,6684,794,13363,1705
38,51,053,12015,1568,12668,1434,24683,3002
39,51,057,4431,704,5217,723,9648,1427
40,51,059,484051,64076,509943,57197,993994,121273
41,51,061,29662,3417,31138,2792,60800,6209
42,51,063,6874,900,6930,731,13804,1631
43,51,065,10621,1184,11949,956,22570,2140
44,51,067,23707,3737,24950,3592,48657,7329
45,51,069,34801,4806,36267,4491,71068,9297
46,51,071,6871,1369,7376,1158,14247,2527
47,51,073,15163,2448,16690,1875,31853,4323
48,51,075,9463,565,9654,727,19117,1292
49,51,077,6406,1063,6899,929,13305,1992
50,51,079,7787,1368,8152,1421,15939,2789
51,51,081,2862,304,3991,407,6853,711
52,51,083,13598,2820,15992,2384,29590,5204
53,51,085,45981,3228,48666,2723,94647,5951
54,51,087,131760,17728,151314,16043,283074,33771
55,51,089,21245,3589,23490,3644,44735,7233
56,51,091,788,215,1033,208,1821,423
57,51,093,15400,1844,16581,1445,31981,3289
58,51,095,30377,2719,33417,2569,63794,5288
59,51,097,3046,620,2929,511,5975,1131
60,51,099,11106,1084,11501,817,22607,1901
61,51,101,7059,784,7410,785,14469,1569
62,51,103,4506,709,5247,581,9753,1290
63,51,105,9978,1920,10177,1706,20155,3626
64,51,107,157541,14975,163902,12866,321443,27841
65,51,109,13771,2941,14541,2635,28312,5576
66,51,111,4355,870,5104,862,9459,1732
67,51,113,5113,1182,5844,832,10957,2014
68,51,115,3671,370,4387,333,8058,703
69,51,117,11851,2293,14112,1936,25963,4229
70,51,119,4455,555,4995,345,9450,900
71,51,121,45251,4418,43141,3090,88392,7508
72,51,125,6176,1016,6693,916,12869,1932
73,51,127,8949,665,8786,620,17735,1285
74,51,131,4367,1341,5069,1109,9436,2450
75,51,133,5443,494,5866,501,11309,995
76,51,135,6074,1133,6609,673,12683,1806
77,51,137,14125,2432,15708,1808,29833,4240
78,51,139,9798,1753,10341,1756,20139,3509
79,51,141,7405,1494,7873,1265,15278,2759
80,51,143,26329,3758,28133,3766,54462,7524
81,51,145,11450,1149,12004,1018,23454,2167
82,51,147,9331,1508,10247,1213,19578,2721
83,51,149,14557,1641,15041,1285,29598,2926
84,51,153,181415,29623,192841,25170,374256,54793
85,51,155,14622,1853,15274,1840,29896,3693
86,51,157,3041,626,3185,561,6226,1187
87,51,159,3021,350,3382,351,6403,701
88,51,161,40502,3370,45602,2595,86104,5965
89,51,163,9518,1452,9803,1492,19321,2944
90,51,165,32610,5364,35016,4421,67626,9785
91,51,167,11370,2263,12398,1988,23768,4251
92,51,169,9408,1489,9941,1111,19349,2600
93,51,171,17819,2682,19126,2645,36945,5327
94,51,173,12935,2252,14219,1792,27154,4044
95,51,175,7002,1249,7511,1110,14513,2359
96,51,177,54453,7609,58090,6628,112543,14237
97,51,179,57845,6038,62285,4940,120130,10978
98,51,181,2798,551,3020,454,5818,1005
99,51,183,2766,202,3316,342,6082,544
100,51,185,17568,3180,19194,2758,36762,5938
101,51,187,16779,2310,16876,2147,33655,4457
102,51,191,23508,3123,24471,3018,47979,6141
103,51,193,6984,1480,7735,1204,14719,2684
104,51,195,16419,2526,17017,2358,33436,4884
105,51,197,12470,1769,12508,2170,24978,3939
106,51,199,28042,2094,31490,1852,59532,3946
107,51,510,58340,11458,66921,9509,125261,20967
108,51,520,6543,1492,8273,1059,14816,2551
109,51,530,2489,551,2995,555,5484,1106
110,51,540,19142,2389,20847,2328,39989,4717
111,51,550,92540,9502,106793,9602,199333,19104
112,51,570,7065,947,8246,1010,15311,1957
113,51,580,2384,431,2323,418,4707,849
114,51,590,16255,2690,19869,2495,36124,5185
115,51,595,1825,684,2492,456,4317,1140
116,51,600,9803,1455,10508,1132,20311,2587
117,51,610,6120,166,6616,309,12736,475
118,51,620,3109,605,3958,655,7067,1260
119,51,630,10932,1700,12554,1962,23486,3662
120,51,640,2680,540,2962,404,5642,944
121,51,650,53054,8905,62299,7512,115353,16417
122,51,660,20221,3794,22806,3851,43027,7645
123,51,670,8816,1592,10088,1452,18904,3044
124,51,678,2913,214,2361,155,5274,369
125,51,680,31269,4648,36055,4663,67324,9311
126,51,683,16098,4164,16731,3696,32829,7860
127,51,685,5839,2304,5675,1721,11514,4025
128,51,690,4866,1064,6285,1056,11151,2120
129,51,700,68381,12028,81163,10640,149544,22668
130,51,710,87440,19429,96562,15844,184002,35273
131,51,720,1367,234,2155,193,3522,427
132,51,730,11320,2846,14554,2519,25874,5365
133,51,735,5482,338,5865,252,11347,590
134,51,740,37167,6080,42515,6536,79682,12616
135,51,750,7317,805,8094,670,15411,1475
136,51,760,79997,19858,95434,15861,175431,35719
137,51,770,38410,8301,43908,6823,82318,15124
138,51,775,10218,1258,11713,1306,21931,2564
139,51,790,9175,1415,11390,1665,20565,3080
140,51,800,35051,4543,40616,3608,75667,8151
141,51,810,177592,22265,203264,19818,380856,42083
142,51,820,8151,1881,9559,1418,17710,3299
143,51,830,5859,694,7727,292,13586,986
144,51,840,10765,2501,11474,2166,22239,4667
12,50,001,16935,1355,17583,841,34518,2196
13,50,003,16484,1227,17710,683,34194,1910
14,50,005,13745,1374,14869,633,28614,2007
15,50,007,73192,4265,78128,2958,151320,7223
16,50,009,2775,336,2882,214,5657,550
17,50,011,21866,1751,23348,910,45214,2661
18,50,013,3238,181,3398,135,6636,316
19,50,015,11169,1231,11606,926,22775,2157
20,50,017,13236,1091,13853,662,27089,1753
21,50,019,11937,1229,12539,798,24476,2027
22,50,021,27003,2340,29043,1462,56046,3802
23,50,023,27153,1838,28500,1139,55653,2977
24,50,025,19827,1631,20905,1054,40732,2685
25,50,027,24618,2209,26757,1685,51375,3894
12,53,001,7244,2345,7393,1866,14637,4211
13,53,003,9147,1338,10096,1276,19243,2614
14,53,005,78627,12759,81892,10110,160519,22869
15,53,007,30164,6518,31017,5995,61181,12513
16,53,009,30189,5059,32350,3823,62539,8882
17,53,011,191398,26615,202078,21962,393476,48577
18,53,013,1801,152,1772,204,3573,356
19,53,015,43804,6096,46637,4793,90441,10889
20,53,017,16380,3439,16466,3183,32846,6622
21,53,019,3358,584,3156,482,6514,1066
22,53,021,34404,8573,33744,7554,68148,16127
23,53,023,978,125,988,111,1966,236
24,53,025,36748,9464,37816,7528,74564,16992
25,53,027,28006,6113,29766,4657,57772,10770
26,53,029,32026,3558,35824,2956,67850,6514
27,53,031,12750,1462,13636,1516,26386,2978
28,53,033,902948,109785,931439,87970,1834387,197755
29,53,035,105860,12172,114564,9019,220424,21191
30,53,037,18041,2888,18507,2461,36548,5349
31,53,039,8931,1312,9304,1230,18235,2542
32,53,041,31708,5503,33362,4101,65070,9604
33,53,043,4580,558,4572,524,9152,1082
34,53,045,24762,5776,25128,3666,49890,9442
35,53,047,16363,4244,17129,3081,33492,7325
36,53,049,8472,1709,8944,1273,17416,2982
37,53,051,5656,956,5504,741,11160,1697
38,53,053,342382,49080,366397,41647,708779,90727
39,53,055,6533,1092,7315,961,13848,2053
40,53,057,49647,8556,52627,7262,102274,15818
41,53,059,5000,634,4888,683,9888,1317
42,53,061,324114,43247,333818,35930,657932,79177
43,53,063,203353,27783,218074,22614,421427,50397
44,53,065,18707,3059,18919,2601,37626,5660
45,53,067,109470,14498,121226,11366,230696,25864
46,53,069,1685,234,1875,179,3560,413
47,53,071,23430,3994,25935,3006,49365,7000
48,53,073,88692,12829,92693,11182,181385,24011
49,53,075,21484,2147,21226,1645,42710,3792
50,53,077,94384,27518,100082,22537,194466,50055
12,55,001,8852,1047,8731,623,17583,1670
13,55,003,7023,857,7210,668,14233,1525
14,55,005,20513,2246,20742,1595,41255,3841
15,55,007,6840,806,6659,621,13499,1427
16,55,009,112051,11974,118922,8628,230973,20602
17,55,011,6087,610,6131,404,12218,1014
18,55,013,7002,752,6922,526,13924,1278
19,55,015,23675,1135,23917,764,47592,1899
20,55,017,27969,2835,28154,2015,56123,4850
21,55,019,12917,4257,13163,3681,26080,7938
22,55,021,25586,2066,25850,1724,51436,3790
23,55,023,7223,724,7359,512,14582,1236
24,55,025,233187,17151,242391,13428,475578,30579
25,55,027,39787,2809,39114,2204,78901,5013
26,55,029,12515,989,13126,792,25641,1781
27,55,031,19364,2166,19725,1950,39089,4116
28,55,033,20042,2083,20090,1603,40132,3686
29,55,035,44541,4833,47417,3798,91958,8631
30,55,037,2117,212,1921,168,4038,380
31,55,039,45814,3550,47977,2919,93791,6469
32,55,041,3838,706,3760,647,7598,1353
33,55,043,23530,2547,22298,2000,45828,4547
34,55,045,16939,1262,17476,1020,34415,2282
35,55,047,8270,1201,8267,1029,16537,2230
36,55,049,10926,886,11228,549,22154,1435
37,55,051,2598,286,2655,263,5253,549
38,55,053,8752,1133,8570,882,17322,2015
39,55,055,38604,3136,39813,2311,78417,5447
40,55,057,11261,1407,11465,855,22726,2262
41,55,059,72812,8862,77613,6584,150425,15446
42,55,061,9778,576,9635,354,19413,930
43,55,063,52456,4225,55751,3356,108207,7581
44,55,065,7492,966,7453,824,14945,1790
45,55,067,8727,909,8809,860,17536,1769
46,55,069,12683,1144,13038,864,25721,2008
47,55,071,37344,2605,38095,1898,75439,4503
48,55,073,61200,6094,62787,3920,123987,10014
49,55,075,18931,1561,19019,1227,37950,2788
50,55,077,6877,704,6849,551,13726,1255
51,55,078,1427,716,1653,602,3080,1318
52,55,079,396071,59798,448635,42222,844706,102020
53,55,081,19450,2657,20110,2060,39560,4717
54,55,083,17497,1497,17166,1051,34663,2548
55,55,085,16064,1601,16488,970,32552,2571
56,55,087,82663,6476,85176,4627,167839,11103
57,55,089,40545,2024,42586,1561,83131,3585
58,55,091,3293,370,3209,382,6502,752
59,55,093,18519,1653,19153,1225,37672,2878
60,55,095,19563,2138,19648,1782,39211,3920
61,55,097,32286,2817,33287,1724,65573,4541
62,55,099,6398,455,6296,455,12694,910
63,55,101,83220,10012,89921,7615,173141,17627
64,55,103,7966,906,8038,695,16004,1601
65,55,105,69942,8250,75101,6048,145043,14298
66,55,107,6262,886,6450,621,12712,1507
67,55,109,39513,2938,40514,2392,80027,5330
68,55,111,28199,2991,28541,2533,56740,5524
69,55,113,7117,1018,7312,728,14429,1746
70,55,115,18453,2016,18780,1709,37233,3725
71,55,117,51687,4580,53467,3184,105154,7764
72,55,119,9110,1300,9115,813,18225,2113
73,55,121,13246,1379,13470,889,26716,2268
74,55,123,12288,2659,12561,2463,24849,5122
75,55,125,9450,1164,9854,710,19304,1874
76,55,127,45658,5450,47291,3835,92949,9285
77,55,129,6874,832,7253,554,14127,1386
78,55,131,62004,3345,63727,2899,125731,6244
79,55,133,182973,9129,191505,7700,374478,16829
80,55,135,23435,2093,23613,1501,47048,3594
81,55,137,10355,1332,10471,1011,20826,2343
82,55,139,74590,6032,78495,4794,153085,10826
83,55,141,33602,2741,35148,1845,68750,4586
12,54,001,6927,1173,7434,1040,14361,2213
13,54,003,47309,5793,49115,5848,96424,11641
14,54,005,10532,1330,10908,1114,21440,2444
15,54,007,6032,961,6145,971,12177,1932
16,54,009,10230,1236,11001,1006,21231,2242
17,54,011,40407,5898,44087,5004,84494,10902
18,54,013,3209,567,3072,686,6281,1253
19,54,015,3955,603,4026,498,7981,1101
20,54,017,3243,662,3175,536,6418,1198
21,54,019,18691,3142,19390,2986,38081,6128
22,54,021,3146,508,2909,501,6055,1009
23,54,023,5242,612,5419,432,10661,1044
24,54,025,14842,2261,15908,2024,30750,4285
25,54,027,9515,2254,9704,1538,19219,3792
26,54,029,13027,1533,13682,1731,26709,3264
27,54,031,6160,846,6168,704,12328,1550
28,54,033,29328,4163,31103,3815,60431,7978
29,54,035,13027,1410,13302,1341,26329,2751
30,54,037,23866,3089,25503,2490,49369,5579
31,54,039,80160,10691,88818,9372,168978,20063
32,54,041,7138,1004,7214,992,14352,1996
33,54,043,9453,1235,9667,1145,19120,2380
34,54,045,14693,2538,15770,2187,30463,4725
35,54,047,7748,1595,8604,1653,16352,3248
36,54,049,24474,3170,25607,3172,50081,6342
37,54,051,13971,1738,14765,1607,28736,3345
38,54,053,11796,1296,12095,1313,23891,2609
39,54,055,25765,3623,28569,3502,54334,7125
40,54,057,11880,1750,11854,2065,23734,3815
41,54,059,11009,1662,11547,1629,22556,3291
42,54,061,46145,5157,44376,4373,90521,9530
43,54,063,5882,761,5852,912,11734,1673
44,54,065,7057,1471,7458,1323,14515,2794
45,54,067,11361,1372,11541,1512,22902,2884
46,54,069,18578,2150,20274,2075,38852,4225
47,54,071,3204,399,3191,435,6395,834
48,54,073,3159,334,3257,266,6416,600
49,54,075,3544,655,3740,453,7284,1108
50,54,077,13622,2010,14136,1716,27758,3726
51,54,079,25264,2324,26190,2483,51454,4807
52,54,081,32067,4667,34436,4328,66503,8995
53,54,083,11948,1779,12104,1717,24052,3496
54,54,085,4232,754,4496,591,8728,1345
55,54,087,6351,829,6571,791,12922,1620
56,54,089,5359,752,5793,539,11152,1291
57,54,091,7287,967,7477,801,14764,1768
58,54,093,3067,301,3069,363,6136,664
59,54,095,3826,615,3884,634,7710,1249
60,54,097,10452,1736,10744,1471,21196,3207
61,54,099,17510,2711,18273,2887,35783,5598
62,54,101,3713,652,3833,671,7546,1323
63,54,103,6968,930,7266,895,14234,1825
64,54,105,2685,251,2492,413,5177,664
65,54,107,36251,5402,40175,4243,76426,9645
66,54,109,9990,1311,10135,1352,20125,2663
12,56,001,17650,1926,16276,1516,33926,3442
13,56,003,4937,968,4867,900,9804,1868
14,56,005,21583,3092,19806,3159,41389,6251
15,56,007,6819,1089,6058,996,12877,2085
16,56,009,6497,587,6052,902,12549,1489
17,56,011,3201,479,3060,440,6261,919
18,56,013,15856,4060,16468,3762,32324,7822
19,56,015,5672,964,5569,723,11241,1687
20,56,017,1942,395,2048,319,3990,714
21,56,019,4058,449,3660,379,7718,828
22,56,021,40089,5563,41797,4991,81886,10554
23,56,023,8316,1002,7928,941,16244,1943
24,56,025,33677,6119,33595,5518,67272,11637
25,56,027,1011,142,931,148,1942,290
26,56,029,12141,1955,12766,1857,24907,3812
27,56,031,3579,837,3622,602,7201,1439
28,56,033,12684,1703,13415,1471,26099,3174
29,56,035,4509,822,4067,697,8576,1519
30,56,037,19891,3318,18600,2683,38491,6001
31,56,039,8948,2558,9555,1192,18503,3750
32,56,041,9132,1413,8711,1503,17843,2916
33,56,043,3349,691,3490,703,6839,1394
34,56,045,2927,454,3087,314,6014,768
